3.86511379681
2.58606715274
3.66168934304
4.10834045616
3.04520506892
3.06332454603
2.83025966137
4.34200990926
3.6213048941
3.72469549014
2.88991943296
2.49782451947
4.24001789928
3.41007682632
3.47632701669
3.98402023292
3.09530417141
2.50611659781
3.77490507453
2.94253681481
3.09672685965
2.730620297
4.07132133879
2.76735205283
3.59847294347
2.69318925167
3.71950055187
4.09786374487
3.39472130768
2.39142274038
3.15108000772
2.95834274069
3.46763785315
2.93410748945
2.99030685015
4.05147088291
2.26967940265
3.73647921194
3.19111022435
3.03699616872
3.68710888547
3.3958213393
3.79619183374
3.76925858746
2.94510169357
3.69391599305
3.32595231541
3.48974931048
4.35826250496
3.73517158784
2.34839825711
2.83014446809
3.56144026149
4.03302211722
3.4353746648
2.9507270902
2.40819190507
3.66569148323
3.68815942047
3.82345585961
3.60536976291
3.75607012223
3.53441658428
3.93404754349
3.10493069925
3.27542437568
3.16349460345
3.17843565361
3.47890131142
3.54109512845
3.96602287057
2.64798891557
3.41835525168
3.379105166
3.13311681515
3.49669679195
2.86303098616
4.13951996512
3.04175291973
3.37004811926
2.77682543431
3.71183536903
3.07211931704
2.44301493336
2.74758021362
3.55005091697
3.84208998667
3.63183926176
2.84284761439
2.57391311162
3.80974894132
3.82974515969
3.66647999778
3.6666099951
3.7527422776
4.07193705697
3.64785591009
2.85496104969
3.1855284037
3.73690162762
4.19878338873
3.27057902971
4.03021863288
3.33318676358
3.96612212354
3.76561429582
2.76311842657
3.90607452798
3.99627523658
2.57646931263
2.83807280834
3.30289023271
3.68056825298
3.49654329463
3.59257379223
2.45082326926
2.37821177415
2.89047474204
3.44718860353
2.84591322912
3.22524016933
2.63813599896
3.76533983887
3.22006511942
4.81867084755
3.66469216853
2.92761112418
2.01519016723
3.59231500976
2.3250258521
2.95916708211
3.12531093785
3.34261026847
2.62835486793
3.47920354996
3.46390038595
2.98720242192
3.07075938908
3.04512502748
3.16277180017
3.02789170772
4.53524813825
3.51213224258
3.74562587933
3.2450178862
3.78806638458
4.01933865112
3.55901520952
3.35198066529
3.21191229779
3.09802090741
3.3417763164
3.84647287515
3.46185246738
3.04612999861
3.92013334856
3.30860240761
3.47778787895
4.14121380337
3.11917096695
2.52131369204
4.13200595969
2.82490270524
3.19584403468
3.29879115708
2.63235989929
3.51473170775
3.29717651996
3.62570489739
3.59547590957
3.02264222535
3.67575269852
3.27266945861
4.45675245144
4.07090072459
3.79421305557
3.74899319732
3.87426357529
2.91435311819
2.61474787758
3.10751306491
3.44595486792
3.50790441918
3.3027673855
3.41289962107
3.49067964234
3.57332553608
3.63114245687
3.54928215468
2.63677856158
3.30318373725
3.59071939851
3.00440848496
4.0780505542
3.74984260235
3.114017863
4.16315034534
3.13011832982
3.65057942688
2.85500179472
3.10210441383
4.29132329122
4.93740891371
3.02979259264
3.02777401252
2.68661172917
2.94267456048
3.15390500941
3.83747530146
3.3201056091
3.19815010097
3.86682713067
3.47570958452
3.88798045347
3.63549020995
4.10672724066
2.86398822724
2.79074693072
3.35350908249
2.6344851874
3.14685490776
3.92892676762
2.73462986904
4.15978086551
4.65725901111
3.66251432447
3.67060037738
3.2326178747
4.22671403175
3.54091760328
2.87283813382
2.53259878823
3.47430465049
3.80697720291
3.36120151075
3.75719212652
3.17992483811
4.04384898643
3.62630562598
3.95700265316
3.06470587091
3.41934981629
3.38602548489
3.39659833949
3.51964680957
3.08902534488
2.60260247791
2.47002585016
3.06860077407
3.56986700204
3.29534711335
2.91074724761
3.09159622829
3.82412995709
2.98312839008
2.8475423349
2.72320603459
4.49943656795
3.56251232268
4.04133113182
3.08345308004
4.28032708609
3.72783742543
3.60387973774
2.58492322186
3.27612427457
2.66213451977
2.71967827637
2.70998919619
3.26061257902
3.18137273646
3.22708312349
2.9484193584
3.52977782802
3.93624403751
4.41771125932
3.03536081202
3.81103060698
4.14545098399
2.83831835789
3.08461734343
3.22679782185
4.0073002097
2.84862414537
3.06168088919
3.78964445539
3.00010228876
3.39131154629
2.77311199687
3.6033408816
3.57787104361
3.71142516032
3.75399005796
3.77765314321
2.67697847668
3.47026147849
2.92327102323
2.21399626653
3.93220392706
2.93716555797
3.00607010922
3.43242868674
4.15651743443
2.70445104026
3.34299547399
2.87341260314
3.47007063399
2.36686269524
2.53524754119
4.2238223893
3.26002138238
3.94579798058
3.39818799495
3.46421390019
3.80475091304
2.89713753143
2.9244536307
3.00313525594
3.54720692815
3.57155180764
3.83869339187
4.01001360771
4.26156410491
3.18696648291
3.4764664926
3.15072937641
4.69543832659
3.88452055028
3.28797685086
3.72921398109
4.03172776958
3.32046878528
3.471682575
3.77426517691
3.50847032606
3.3075124982
4.40353275744
3.88283696011
3.60686113052
4.20032404068
4.24639298135
3.88341812169
3.3943262933
3.06398460046
3.34251406745
3.55368760514
4.12469158388
4.20063687734
3.84477593912
3.33127085204
3.46961076366
3.05991837068
3.27604677731
3.23526623906
3.5878649944
3.1015156192
3.09694737122
3.67018470245
3.17220155746
3.76281241937
3.36185730781
3.55598183605
4.37634608229
3.0505232153
3.39912565761
3.12338903315
3.75912571239
3.77897417112
3.22414126376
3.81824438057
3.32160988335
2.60269254638
3.6525920907
3.67814322482
3.39792231553
3.78785958785
3.34901422491
3.00041374078
3.60299869582
3.63283935689
3.32199312602
3.49671483666
3.68133176012
3.71129575964
3.03818138656
3.39001088905
2.95239912941
2.69482573072
2.77204808529
2.61899319921
4.54202392928
4.15688681694
3.18797165074
2.74754921162
3.12354209198
3.97791005984
2.51050744792
3.50514495496
2.50852062343
2.94602028709
3.18622043338
3.75593735758
3.36350277404
3.71302749203
3.26957289848
2.54663357351
4.35509258223
3.26132436994
3.04410927816
3.20204784809
3.64029421575
3.38203384467
2.3800822875
3.07367223653
2.48756516112
3.13699405492
3.35431838926
2.47055388052
3.10507141726
3.24200922151
3.14783505349
3.50995854574
