402
2
244
435
416
40
333
139
338
488
379
396
445
374
485
331
357
388
413
27
147
266
256
129
474
262
284
136
157
92
454
479
41
443
20
216
411
483
367
314
163
384
431
393
387
395
478
453
254
423
239
11
287
219
45
184
54
135
15
137
222
232
450
214
348
424
221
17
369
203
113
51
85
12
343
278
80
18
192
365
55
82
327
42
240
430
470
179
10
323
134
81
98
3
408
118
489
476
363
492
255
439
473
455
204
394
258
441
459
372
349
133
405
389
277
282
328
190
313
30
481
76
440
421
231
330
309
471
165
378
297
380
251
271
428
202
386
34
315
212
145
493
47
375
319
152
201
89
159
243
484
362
290
50
131
298
267
70
6
106
21
110
8
84
138
225
351
71
228
173
31
223
215
442
368
49
373
213
253
124
310
166
44
261
293
286
194
414
292
87
189
128
175
295
72
466
119
360
14
401
486
205
467
361
78
177
24
127
97
112
38
264
167
176
125
86
114
226
241
99
218
77
404
16
307
109
217
122
25
206
457
105
29
52
350
93
198
299
187
94
43
186
220
19
73
153
420
260
66
211
36
172
91
64
32
90
208
5
1
233
399
429
141
33
304
294
200
57
102
182
288
150
168
398
468
62
130
316
371
353
422
259
79
37
197
26
121
13
7
352
427
329
475
312
436
359
273
494
311
35
419
227
234
340
364
252
480
499
191
156
23
342
28
296
193
123
142
188
53
68
434
56
339
344
322
409
263
383
170
178
458
120
279
75
103
385
183
346
180
274
132
345
303
22
229
154
406
60
318
148
324
174
199
65
426
376
151
39
433
321
334
444
438
355
207
69
235
245
280
238
210
155
63
272
265
160
250
291
269
460
242
410
171
281
268
209
248
164
108
100
300
301
74
230
146
289
143
370
111
158
48
257
4
247
107
465
104
149
270
302
477
497
461
469
377
498
61
96
332
116
59
115
354
185
490
464
101
285
390
140
9
169
308
117
195
336
181
462
67
418
415
472
500
412
407
452
392
437
448
347
236
305
403
83
432
446
275
425
306
487
366
496
417
381
237
126
341
320
249
449
283
162
397
95
326
337
317
447
46
161
325
391
482
88
456
463
358
246
58
451
382
276
224
491
196
400
335
495
356
144
