0.0620133131691
0.0678359764471
0.0858585858512
0.0494008579661
0.104700854693
0.010416666666
0.06666666664
4.55172846437e-17
0.0448275862054
0.0907692307622
0.0289855072451
0.0370370370329
0.0389743589728
5.00835421839e-17
8.34703179883e-17
0.0461760461739
1.12037037013e-16
3.6111111097e-16
0.0463875205238
0.0790598290475
0.0234828328943
0.0454545454525
0.0642857142826
0.0144469235567
7.16727716676e-17
0.0706379614401
0.0333333333267
0.046296296295
2.6111111104e-16
0.0384615384601
6.25527487924e-17
0.103606237806
0.0721498811447
0.0113964981027
0.013436217854
0.111111111074
2.6111111104e-16
0.0498575498557
0.0740740740658
0.0538888888867
4.00427350411e-17
0.0175438596482
0.0196078431361
0.055555555537
0.0180599562424
0.0508771929799
3.12703649387e-17
0.0249750629069
1.00673400654e-16
1.69841269788e-16
0.0206902839906
0.0711500974621
0.0256410256404
0.150793650771
0.0175438596482
0.018518518518
2.61111110988e-16
0.0445016567745
0.0858585858512
0.0447600581718
0.166666666583
0.0418803418793
0.0175991670613
1.26322751307e-16
0.0104166666663
0.0256410256391
3.84995251647e-17
0.0833333332917
0.149664345303
5.89596949856e-17
0.0538888888846
0.0499999999975
0.0512820512781
0.0225814793011
0.03333333333
3.6111111097e-16
0.0238095238078
6.53723676321e-17
6.53723676321e-17
0.0277777777755
0.0801587301549
0.0111111111107
0.0837742504349
6.68650793606e-17
9.14141414057e-17
0.0334158276101
1.12037037024e-16
3.6111111088e-16
2.6111111104e-16
4.00427350411e-17
1.26322751293e-16
0.0175438596487
0.020833333332
0.0175438596482
0.0333333333267
0.020833333332
9.14141414057e-17
4.55172846456e-17
7.72283272223e-17
7.16727716676e-17
0.0123456790119
0.01282051282
0.0303030303003
4.00427350411e-17
0.0119047619043
0.124242424231
6.25527487924e-17
0.010416666666
0.0961630475764
1.12037037024e-16
3.57446937894e-17
0.026315789473
2.05555555512e-16
0.0398938903328
0.0317460317445
0.0538888888867
0.0326850704622
1.00673400663e-16
0.0320207898561
0.0256410256391
0.0536062378139
2.6111111104e-16
0.0123456790119
0.0416666666615
0.0114942528732
0.037037037035
0.0175438596482
1.00673400654e-16
1.4484126982e-16
7.16727716676e-17
6.68650793564e-17
5.27290448315e-17
1.12037037013e-16
0.0144927536226
0.0434782608677
0.0666666666613
6.11111110454e-16
0.136159420284
5.55915129685e-17
6.11111110454e-16
0.0196078431361
0.0238095238061
0.0952380952347
0.0847222222168
0.0936819172061
0.0229438201007
0.0693760262702
0.0289855072451
1.26322751293e-16
6.66666666333e-07
0.0276974793097
0.0175438596482
1.26322751293e-16
0.0317460317445
0.0370370370357
0.0333333333325
0.0184198639745
0.0171602611556
0.0166666666658
0.0416666666615
0.038375350139
0.01282051282
0.0333333333267
0.0229885057455
0.0674329501893
5.56702213018e-17
9.14141414057e-17
0.0256410256391
0.0303030303003
0.0124740286427
6.68650793606e-17
6.68650793606e-17
0.0196078431349
0.00980392156834
0.0847222222168
0.0144927536219
2.05555555512e-16
0.151918749615
0.0208333333307
0.0646153846129
0.0158258381745
0.0519200521931
0.0142871051772
0.0142871051772
0.0762682128759
5.56702212989e-17
0.0208333333307
0.037037037036
0.0333333333317
2.6111111104e-16
0.0196078431361
0.053408936247
2.61111110988e-16
4.54734117666e-17
9.10930599119e-17
0.0158730158723
1.12037037013e-16
0.0956790123422
8.34703179883e-17
0.0817443034953
0.0129384797809
7.16727716676e-17
0.0389794577046
0.0422705313992
0.0194897288523
0.034189494308
1.69841269812e-16
3.70709537362e-17
1.12037037013e-16
0.0166666666658
0.0350877192964
0.03333333333
0.0151616806107
0.0764790764756
0.0330700385205
6.26633986852e-17
0.0107526881717
0.0512820512742
0.0303030302975
0.0444980863342
0.0904575776505
0.0206902839906
0.0208333333327
0.0407196969685
0.0151515151508
6.68650793606e-17
0.03333333333
0.0317460317445
0.0144927536226
5.00835421839e-17
0.0289855072451
0.0444444444385
0.0119047619043
0.02015432678
0.020833333332
0.0253639087812
0.079258230666
0.0127891927604
0.0422705313992
0.0416666666649
8.34703179883e-17
0.023809523809
0.0196078431361
1.69841269788e-16
0.0279407810777
5.56702213018e-17
0.0970695970556
0.233821733805
1.00673400663e-16
3.70468885824e-17
0.0939393939306
0.0238095238078
0.0600539811051
4.76409390084e-17
6.25527487924e-17
1.12037037013e-16
0.010416666666
0.0561594202875
0.00980392156834
0.0333333333267
0.0833333333229
0.0165957801545
0.0154905522936
1.4484126982e-16
0.0353863236368
4.55172846437e-17
0.0672222222195
0.0144927536226
5.27290448315e-17
4.55172846456e-17
0.0144927536226
1.4484126982e-16
0.0144927536226
0.0416666666649
7.1510425171e-17
0.0476190476122
6.11111110454e-16
0.0555555555463
0.105759001859
0.0788497939986
0.0675438596457
0.207407407365
0.199494949461
0.103761445014
0.0555555555463
0.0465108768479
3.03215983354e-17
0.0596559544417
0.149518883735
1.26322751307e-16
0.0331915603089
0.0208333333307
2.61111110988e-16
0.0732600732547
0.0728324097976
0.0555555555525
0.251889968866
0.0801587301549
0.0606060606006
0.009259259259
0.0803659529892
0.0609584214221
0.0229438201007
3.6111111097e-16
0.232058065383
0.0185185185175
0.0333333333267
1.00673400663e-16
0.0316243159973
5.00835421863e-17
0.0151515151508
0.0950153711002
8.37218337148e-17
3.22804659478e-17
1.26322751307e-16
0.0480599647249
0.0190476190471
0.0155966625492
9.49286791922e-17
0.0444444444385
0.120272904477
3.82408255076e-17
0.0139703905389
0.10414706066
0.0931216931191
0.0136054421763
0.0314465408799
0.00775193798432
5.00835421863e-17
1.82670996582e-17
3.03215983354e-17
0.0119047619043
0.0476564689002
1.44841269802e-16
0.124242424231
0.0175438596473
0.0190476190471
0.0256410256391
3.84726369408e-17
0.0361199124799
2.6111111104e-16
1.4484126982e-16
5.55915129685e-17
0.0858585858512
0.037037037035
1.12037037024e-16
1.12037037024e-16
0.020833333332
0.055555555537
1.4484126982e-16
0.0416666666615
0.0361199124799
0.0476190476122
0.06666666666
5.05767411659e-17
0.0833333333125
0.0416666666649
3.04191006979e-17
0.13482591564
1.4484126982e-16
9.14141414057e-17
0.0196078431361
0.0333333333267
0.120098039208
5.89596949856e-17
0.0220466923454
0.0498575498557
0.0277777777731
0.0304792107111
0.0476190476122
0.00902997812179
0.0123456790119
0.0326850704584
0.0119047619045
0.0123456790119
0.0476564689002
2.05555555512e-16
0.06666666664
0.0222222222215
0.0370370370329
0.0175438596482
5.48413346094e-17
0.0175354013183
0.0173066840657
1.00673400663e-16
0.0508207070692
0.0420026881694
0.0617283950594
3.45101258871e-17
0.0127891927604
0.020833333332
0.0256410256391
0.14828408306
0.0142871051772
0.0214689999213
0.06666666664
0.0640808508366
0.0476190476156
0.0123456790119
0.0484126984104
0.0392156862699
1.24675746661e-16
0.0310077519373
0.0403086535537
0.071869488531
0.0555555555525
0.0175438596482
5.56702212989e-17
0.0512820512742
0.0200722336398
0.0952380952109
0.141414141402
2.61111110988e-16
0.0208333333307
0.0206902839906
1.12037037024e-16
1.43767531004e-16
0.0196078431361
1.26322751307e-16
0.0416666666641
3.6111111097e-16
0.0384615384586
0.0499999999975
4.76911976868e-17
0.0361199124848
0.0392156862722
1.00255145658e-16
0.0114942528732
2.61111110988e-16
3.33333333833e-07
0.018518518518
0.0606060606006
0.010416666666
0.0208333333329
0.0361199124799
0.0166666666658
0.0298279772256
0.0222222222193
0.0196078431361
4.71840224507e-17
0.0476190476122
0.0474565177374
0.0416666666654
0.0993741400695
0.026315789473
8.37218337148e-17
9.14141413981e-17
0.0143836199424
0.0869565217353
0.0326850704584
0.0606060606033
1.12037037024e-16
0.0333333333317
0.020833333332
0.0586297760185
0.030197759505
0.0399999999984
0.0370370370329
7.16727716676e-17
0.0266666666656
0.0520833333317
0.0403086535537
1.12037037013e-16
0.0185185185175
0.0180180180175
6.26633986852e-17
3.57446937882e-17
0.0166666666658
6.68650793606e-17
0.0476190476122
0.0163425352311
0.0450450450438
0.0806173071075
1.69841269788e-16
0.0595238095217
0.0416666666641
5.00835421863e-17
0.0939393939306
0.0158730158715
0.020833333332
7.16727716628e-17
0.0476190476122
0.0754273504255
9.14141414057e-17
2.05555555512e-16
1.26322751307e-16
0.0333333333267
0.068965517239
0.0811237373713
0.105555555542
2.05555555512e-16
0.0151515151508
0.020833333332
6.980332316e-17
0.0138487396548
0.198412698355
2.05555555478e-16
0.0370370370329
8.06129573809e-17
0.0222222222193
1.00673400663e-16
3.84995251633e-17
1.69841269812e-16
6.68650793564e-17
0.00952380952354
0.0351250689891
0.0256410256391
0.242063492007
0.0350877192946
0.0266666666656
1.25559695761e-16
0.126856600185
0.0555555555532
0.0796568627357
1.26322751307e-16
0.0227425209147
0.0243902439018
0.0380952380941
0.0272108843532
0.0222125740722
0.0458876402015
0.0344129554647
0.0719900619072
1.4484126982e-16
0.0333333333267
0.0936819172009
5.56702213018e-17
0.0337164750935
0.141359244614
0.058280281808
0.031651676349
0.0873830600246
0.0693760262678
1.12037037024e-16
7.16727716676e-17
6.68650793564e-17
1.4484126982e-16
2.42228809348e-17
0.03333333333
0.0370370370329
1.00673400663e-16
0.0586297760185
0.0495477138695
0.0119047619043
0.0613275613247
0.031746031743
0.0123178133215
0.0101010101007
0.111111111086
0.0970356803655
1.6829465473e-16
0.0992647058764
1.69841269788e-16
0.0125522446662
1.12037037013e-16
0.161988304078
1.12037037024e-16
6.26633986889e-17
0.0138888888883
0.0303030303003
0.0166666666658
3.01986013742e-17
0.0692216280431
5.55915129685e-17
0.0289855072451
0.0476190476122
0.0171602611556
0.0476190476122
4.17149758437e-17
0.0137096578477
0.0538888888867
0.0370370370329
0.0460515832451
4.55172846456e-17
7.16727716676e-17
0.03333333333
1.26322751307e-16
0.0416666666615
0.0416666666615
0.0180180180175
0.055555555537
1.00673400654e-16
0.0144927536226
6.11111110657e-16
3.6111111097e-16
0.0238095238078
0.0175438596482
7.70278054854e-17
0.0277777777755
9.49286791922e-17
4.35331576617e-17
0.0133333333328
0.0666666666533
0.0555555555525
0.174297924272
4.71840224507e-17
0.0238095238078
0.0151515151508
0.0256410256404
6.26633986889e-17
0.00980392156834
0.0317460317445
0.0277777777755
1.6829465473e-16
0.047436473996
0.0541218637975
0.0158730158723
0.0256410256404
0.0416006924911
1.69841269812e-16
0.0360360360351
6.26633986889e-17
4.00427350411e-17
0.0238095238087
0.018518518518
0.0713383838362
6.68650793564e-17
1.69841269812e-16
5.27290448315e-17
0.00832502096897
0.0350877192946
0.0315860215044
0.0559019095891
0.0158730158723
8.37218337148e-17
0.0416666666656
0.0555555555509
8.37218337148e-17
0.0454545454525
0.0159600010934
0.020833333332
0.0624999999961
1.44841269802e-16
0.0392156862734
0.0526315789446
0.0476190476145
0.0151515151501
2.6111111104e-16
0.0303030303003
0.0422705313974
0.035714285713
1.26322751293e-16
6.68650793606e-17
0.0289855072451
0.0208333333307
1.69841269788e-16
0.0682539682493
1.43767531004e-16
1.69841269812e-16
0.0902564102529
0.0790598290475
0.0416666666632
0.0144469235567
0.027777777777
0.27777777763
0.12170868347
0.06666666664
0.131232492994
0.0732526881675
0.0220466923454
0.0774358974329
0.101007491259
0.0430107526868
0.0992647058764
7.16727716628e-17
6.980332316e-17
2.05555555512e-16
0.0185185185175
0.0222222222193
0.0531839415275
0.0322580645151
5.89596949856e-17
0.0595238095217
7.72283272223e-17
0.0694444444416
0.0805555555523
0.035714285713
0.0185185185175
6.26633986852e-17
0.00877192982433
2.85869903509e-17
7.72283272223e-17
5.27290448315e-17
8.37218337084e-17
6.68650793606e-17
0.0277777777755
4.17149758437e-17
0.0452952952941
0.103840104363
0.0732600732495
0.0790598290475
0.218181818161
0.031746031743
0.0555555555509
2.05555555512e-16
0.103371101223
0.0185185185175
0.0666666666633
8.34703179883e-17
0.130341880322
0.103761445014
7.16727716628e-17
3.6111111097e-16
0.0858585858512
0.130952380919
0.0355931029262
0.122626128574
0.09999999998
0.00951128925136
1.44841269802e-16
0.150793650771
0.0277777777755
0.143012789178
0.0740740740658
0.0336961477478
0.216666666619
0.13180827886
0.0222222222193
0.130952380935
0.0751633986886
0.0936819172009
0.199157696277
1.69841269812e-16
0.272144522122
0.0476190476156
5.56702213018e-17
1.00673400663e-16
0.031249999998
0.0256410256371
0.0165957801545
0.126820318764
0.0525532997888
0.161928104565
0.018518518518
0.0978260869524
1.12037037024e-16
0.115740740714
0.0138888888883
0.106237816753
0.0127891927604
0.095798319325
0.0796568627403
0.0678359764471
0.0936819172061
0.0686410446222
0.0256410256371
0.0751633986886
0.0333333333267
0.0138888888883
9.14141414057e-17
0.0507278175624
0.06666666666
0.0370370370329
0.0237597213405
1.1147943674e-16
0.0222222222207
0.0111111111107
1.69841269812e-16
1.4484126982e-16
1.69841269812e-16
0.0361199124799
0.0208333333327
0.0721594740517
5.56702213018e-17
9.14141414057e-17
0.0222222222193
0.0185185185175
5.27290448315e-17
2.05555555512e-16
4.55172846456e-17
1.12037037024e-16
0.0235908824226
1.4484126982e-16
2.05555555512e-16
1.26322751307e-16
1.69841269812e-16
0.0333333333267
5.27290448289e-17
0.0750237416876
0.0370370370329
4.17149758437e-17
0.0499889312951
0.00708712226407
3.6111111088e-16
1.44841269802e-16
0.0256410256391
0.0133333333328
0.0118798606703
0.0348932676495
7.16727716628e-17
7.16727716676e-17
8.37218337084e-17
9.49286791922e-17
0.0185185185175
0.130242272341
0.0916305916264
0.0512820512781
0.117543859643
0.0700483091758
0.0444444444415
0.06666666664
0.0700483091758
0.0689245395107
0.105555555542
0.0606060606006
0.0646153846129
2.05555555478e-16
2.05555555512e-16
0.0672222222195
0.06666666666
5.27290448315e-17
0.0277777777766
8.37218337148e-17
2.05555555478e-16
0.0519343993653
0.0634097719585
0.0624999999922
0.0238095238061
0.0970695970625
0.0151515151508
0.0498575498557
0.0909716950646
0.0701754385928
0.0166666666658
1.44841269802e-16
0.0882366027596
0.152641612183
0.0138487396548
0.199145299137
0.151587301568
0.0151515151501
0.106237816758
0.022046692347
0.999999999056
0.0113964981027
0.0440933846907
0.0185185185165
0.0992647058764
0.032203499882
0.0496201661067
0.0430107526868
0.0145443704927
0.0206902839906
0.0123456790119
0.0653701409168
0.0333333333267
0.0801587301549
0.0229885057463
7.16727716676e-17
0.0454545454504
0.0370370370288
0.108937198063
0.0344827586195
0.03333333333
0.120098039208
0.0838947298571
0.0170940170936
0.014913988612
0.0713383838362
8.34703179883e-17
5.00835421839e-17
0.134920634912
5.00835421863e-17
0.218181818161
0.055555555537
0.0277777777755
0.130341880322
0.0249480572854
0.0151515151508
0.0952380952109
0.0555555555509
0.037037037035
0.0476190476168
0.123781676407
0.0764705882309
0.120272904471
0.0322580645151
1.25559695761e-16
0.0411289735432
0.0108950234878
0.0600490196042
6.26633986889e-17
0.0801587301549
0.0586297760185
5.00255992821e-17
0.0526315789446
7.72283272223e-17
0.0133333333328
0.0123456790119
1.12037037024e-16
0.0185185185175
0.033478310601
8.37218337148e-17
2.50104231805e-17
0.0856703418473
0.0361199124799
0.216488934732
4.54734117666e-17
0.06039551901
0.0185185185175
0.121666666662
0.12087912087
0.0507278175624
0.0555555555525
0.137318840574
0.0835978835956
0.09999999999
0.0370370370329
0.0476190476122
0.0751633986886
0.0151515151508
0.121111111106
0.0925925925874
0.055555555537
0.03333333333
2.6111111104e-16
0.146520146509
0.0303030303017
0.0123456790119
5.00835421863e-17
0.040669383278
0.0574229691844
0.0175438596482
0.0350877192964
0.057881773397
0.0222222222193
0.0333333333322
0.0229438201007
0.0524193548371
0.0666666666578
0.0493166963741
0.0899338613563
0.0877192982364
0.0512820512781
0.037037037035
0.0454545454504
0.0813969386508
0.085919928023
1.12037037024e-16
0.032203499882
0.0404720626564
0.020833333332
5.27290448289e-17
6.26633986889e-17
0.0476190476122
0.143632478621
0.104581869152
1.26322751307e-16
0.0370370370329
0.0476190476168
0.0289855072451
0.0202020202014
0.136507936499
1.12037037024e-16
9.14141413981e-17
0.0932505613708
0.0303030302975
0.0238095238078
0.09047619047
0.0566606646004
5.79638595586e-17
0.0237182369992
0.0416666666615
0.0497639658188
0.0151515151512
0.00952380952354
6.67318500132e-17
0.0114942528732
7.70278054854e-17
0.0138888888883
0.0434782608677
9.14141414057e-17
0.030442887687
2.77920777906e-17
0.01282051282
0.0194897288523
0.0484126984104
0.0185185185165
0.0348932676507
0.0416666666641
0.0441370223959
1.00673400663e-16
0.0138888888883
0.0335470085462
0.0346133681313
0.0389743589713
0.0714285714235
0.0370370370329
0.0796568627403
0.154081133915
0.125603864729
0.0444444444415
2.03353537696e-16
1.26322751307e-16
0.117092448868
0.34859584857
0.130952380935
0.249074074047
0.0208333333307
0.0986333927481
9.14141413981e-17
0.0801587301549
0.0609217171699
0.0370370370329
0.0403086535537
0.0626080198092
0.0520008656139
0.0833333333307
0.0370370370357
0.0326850704584
0.137739791068
0.107160722237
0.0303030303017
0.0256410256391
0.0416666666615
6.11111110657e-16
5.00835421863e-17
0.0416666666658
0.0256410256391
0.0222222222207
0.112698412688
0.0571428571396
0.0298554712652
0.0616237506588
0.0994855560996
0.0588235294083
0.050505050502
0.0498575498557
0.0836743354984
0.0256410256371
0.0190476190465
0.0760811823505
1.44841269802e-16
0.122988505743
0.127808273054
0.0148148148145
0.0542478139207
0.0561594202875
1.69841269812e-16
0.0555555555509
0.0123456790119
0.0617283950572
1.12037037024e-16
0.0666666666578
0.091837606834
0.0502136752124
0.0508207070692
0.0234247376147
0.0524193548371
0.0526315789446
0.0403086535537
0.03333333333
0.0609217171699
1.69841269788e-16
0.0675438596457
0.0723223223184
0.0512820512781
0.0370370370329
0.0599647266292
0.0552595919235
0.0416666666563
0.0794215267878
0.0606060606006
0.0625670062396
0.0952380952245
0.0447600581718
0.0553838658099
7.72283272223e-17
6.68650793606e-17
0.0392156862722
0.0499999999975
3.6111111097e-16
1.44841269802e-16
0.187582319156
0.0229885057463
0.0333333333325
7.16727716676e-17
0.0370370370343
0.0422641073072
1.34058914333e-16
0.0675438596457
0.124170274164
5.56702213018e-17
0.0512820512742
0.0632531314494
0.0333333333317
0.0277777777731
0.0588235294083
0.0909090909008
0.0222222222193
0.0517948717929
0.0952380952109
0.184371184358
0.0232558139529
0.0476190476122
0.0525532997888
0.0341521029743
0.0370370370357
0.0838029472024
0.026315789473
0.0747553049862
0.161396574433
0.0422705313992
4.41987209445e-17
0.172619047575
2.61111110988e-16
0.0463875205222
0.0341880341872
0.0350877192964
0.0158730158723
0.0923645320165
0.0144927536226
0.0851309184611
0.0380549682867
0.0133333333323
0.0811111111078
0.0227272727268
0.03333333333
0.0536548230282
0.0288515406154
0.0416666666615
0.0706495969635
0.0459770114927
5.27290448315e-17
1.00255145658e-16
1.26322751307e-16
0.135591865812
1.26322751307e-16
0.018785888798
0.0533333333312
2.85869903509e-17
0.0370370370329
3.22804659478e-17
0.037037037035
0.160888501734
0.105322128849
5.89596949823e-17
0.0100771633908
0.0217391304338
0.177777777746
0.214536340831
0.0459770114927
0.0416666666649
0.0842151675455
0.0863799283126
0.177777777716
0.0385972524965
5.20317481989e-17
0.104700854693
3.81881257773e-17
0.0666666666633
0.0579710144902
3.70709537362e-17
0.0295314780764
0.0902564102529
0.0452966392575
7.72283272168e-17
0.105555555549
0.0315860215044
0.0928152944765
0.0151515151501
0.0628360215034
0.10927645911
1.6829465473e-16
0.02076802088
7.56196628663e-17
2.03353537696e-16
0.0208333333327
0.0745489078795
0.0221162521584
0.014913988613
0.0416666666649
0.020833333332
1.44841269802e-16
0.0333468858267
0.0769230769201
6.68650793606e-17
0.0217228676935
0.0277777777766
0.0405555555539
0.364005570698
0.0326850704635
0.0303030303017
0.0322054890669
0.0206902839906
0.02564102564
0.0256410256371
0.0634621361178
0.0783975362326
0.0528157929828
0.0425147423429
0.0123456790121
0.0138888888883
0.140700483086
0.0601690373113
0.0365410052904
0.0326850704584
0.0322580645151
0.134106634102
6.26633986889e-17
7.16727716676e-17
0.198540546631
1.69841269812e-16
0.0337164750946
0.0420026881707
0.09047619047
0.0144469235567
0.0416666666615
1.43767531004e-16
0.0163425352311
0.0222222222207
0.0303030303003
0.0796382947071
0.0555555555509
0.00902997812179
0.0151515151508
0.0133333333328
0.0492571182895
0.0322580645151
0.0162601626012
0.0138487396548
0.091837606834
0.0557729220932
0.114866749059
0.0430107526868
0.0360360360351
0.0107344999607
0.037037037035
0.0166666666658
0.0289855072451
0.0317173955116
0.0456988594939
0.0317460317445
0.0349212275462
0.0623152179744
0.00772366407287
0.0270270270263
0.020833333332
0.0833333333125
0.20561350824
0.041273880874
0.0262866074882
0.0885623148765
0.0384615384608
0.0414682386803
1.7244797167e-17
0.243734335816
0.0281240600182
0.115740740727
0.046296296295
0.263131313108
0.060606060595
0.160839878806
8.34703179883e-17
0.187385044507
0.044741965836
0.0611504629976
0.116944662434
4.94913703765e-17
0.0189953389885
0.0166666666658
0.016666666665
0.0627955082729
0.0952380952109
0.0370370370329
0.173123079874
0.00813008130042
0.0215053763434
0.0454850418293
0.0760917263436
0.0962727149285
0.0824097755032
0.0667973908872
0.127644069586
1.69841269788e-16
0.101080006906
0.0170940170931
0.0476190476122
0.0666666666533
2.05555555512e-16
0.0555555555463
0.0404790045069
0.0242647697805
0.00952380952354
0.0723104056411
1.12037037024e-16
0.0408536585356
0.0175438596482
0.0790598290536
0.191666666642
0.0847222222168
0.112698412691
0.0688259109294
0.0555555555509
0.0858585858512
0.035714285713
0.0131761803303
0.0133333333328
0.01282051282
0.0740740740658
0.0356395820108
1.69841269812e-16
9.14141414057e-17
4.71840224507e-17
0.045526912605
1.00255145658e-16
0.0222222222193
4.35331576599e-17
3.33333333833e-07
0.0341880341872
2.61111110988e-16
0.0151515151508
9.14141414057e-17
0.0111111111107
0.0566448801711
0.0114942528732
0.0484126984104
0.0243902439018
0.0150988797525
5.89596949823e-17
0.045485041821
0.0338053833673
0.0317460317453
0.0416666666615
3.22804659488e-17
5.27290448315e-17
2.61111110988e-16
6.66666666333e-07
1.43767531004e-16
0.03333333333
0.0512820512742
0.0775746402938
0.0421757071306
0.06666666666
2.05555555512e-16
0.0277777777731
0.0520833333317
0.0222222222193
5.89596949856e-17
5.27290448315e-17
3.70657624919e-16
4.76911976889e-17
0.0476190476054
0.0222222222207
0.0433081550137
0.03333333333
1.69841269788e-16
0.12424242422
2.05555555478e-16
0.111904761894
1.00673400663e-16
0.0416666666649
5.56702213018e-17
0.0701754385928
0.174297924285
0.0624999999961
0.214519592803
1.4484126982e-16
4.71840224507e-17
0.111111111037
0.1646549927
0.0138888888883
7.16727716628e-17
0.0208333333307
0.127641927638
0.0350877192973
0.104700854693
0.0526315789446
1.69841269812e-16
9.10930599119e-17
2.61111110988e-16
5.8793955373e-17
7.72283272223e-17
0.130952380919
0.0256410256391
0.0238095238078
0.027777777777
0.06666666664
0.0476190476054
0.0370370370362
0.0253639087812
0.0606060606006
0.020833333332
4.1714975842e-17
0.0256410256371
5.89596949856e-17
0.0123456790119
6.55010945392e-17
5.88668152849e-17
0.0158730158723
0.0151515151508
3.6111111097e-16
0.0256410256391
6.11111110454e-16
0.03333333333
5.89596949856e-17
2.05555555512e-16
4.76409390084e-17
2.61111110988e-16
4.00427350411e-17
1.4484126982e-16
5.56702212989e-17
0.0256410256391
1.03783304872e-16
0.0113964981027
0.0698424550924
2.6111111104e-16
0.0732600732547
3.6111111088e-16
1.12037037024e-16
0.0603825136602
0.0416666666615
7.72283272223e-17
0.0416666666615
0.0383675782812
6.53723676321e-17
1.12037037024e-16
0.009259259259
0.0196078431361
9.14141414057e-17
0.0107526881713
4.76911976889e-17
1.8125301225e-17
0.0238095238061
0.0111111111107
0.0208333333307
5.89596949856e-17
3.57446937894e-17
4.17149758437e-17
0.0229885057455
3.6111111088e-16
0.0608413973839
0.0344827586195
6.980332316e-17
0.0110909878656
0.0175438596482
7.72283272168e-17
0.388888888731
0.0185185185165
0.0144927536226
0.0175438596482
5.56702213018e-17
0.0133333333328
2.05555555512e-16
0.0344827586195
0.0834167900695
0.0274193156928
0.0504300352647
0.0415462189645
2.6111111104e-16
0.0416666666641
0.0571484207087
0.0529953917042
0.0384615384601
0.0358032331033
0.0498575498538
0.0840785281101
0.0476190476122
0.0833333333125
0.166666666583
0.037037037035
0.0333333333317
0.009392944399
0.02015432678
1.69841269812e-16
0.0158730158715
0.0476190476122
0.0554866600992
0.061327561322
0.0238095238087
0.0333333333317
0.00854700854679
6.11111110454e-16
1.43767531004e-16
3.84995251647e-17
6.26633986852e-17
0.0370370370288
0.0370370370329
7.1510425171e-17
2.63279473799e-17
1.4484126982e-16
0.00889961726684
0.0317460317445
1.1147943674e-16
1.12037037013e-16
4.76911976889e-17
0.0135924040064
0.0232558139529
6.68650793606e-17
8.06129573809e-17
0.0196078431361
0.037037037035
1.00255145658e-16
0.0298279772208
5.00835421839e-17
3.33333333667e-07
3.6111111088e-16
0.0298279772208
1.00255145658e-16
4.00427350411e-17
5.27290448315e-17
7.16727716628e-17
0.029411764705
6.68650793564e-17
3.33333333833e-07
1.24675746661e-16
0.03333333333
3.33333333667e-07
0.0392156862722
0.02564102564
6.68650793606e-17
0.0592592592579
0.031746031743
0.0452355047496
0.0463287487872
0.0289855072457
0.0476190476122
0.0732600732547
0.0222222222212
5.26617729736e-17
0.0512820512807
0.0773279008551
0.115740740727
0.0675438596457
0.036839727949
0.0512820512742
0.037037037036
0.0333333333325
0.0579710144877
0.0258769595618
0.0476190476173
3.82408255076e-17
0.0407196969672
0.0450450450438
0.27777777763
0.071244464922
0.373835125436
0.0833333333125
0.0258769595618
0.139321789315
0.0259600260965
0.0288938471135
0.0512820512781
0.0666666666533
0.0692879113896
0.0185185185175
6.26633986852e-17
0.0666666666533
0.120332883488
7.70278054854e-17
0.0438596491217
0.218181818142
0.121111044913
0.488344988305
0.0689245395087
0.243487993479
0.0309343313566
0.0801587301511
0.0416666666615
0.135087719291
0.0151515151508
0.0718157181555
0.0276974793097
0.0764790764721
0.0372053872046
2.05555555478e-16
0.0595238095196
0.0653701409168
0.0779487179457
0.0119047619039
0.0494945352743
0.0303030303021
0.0215053763434
0.104857579301
1.25559695761e-16
0.0790598290475
0.0315860215044
0.0256410256371
0.0175438596482
1.00673400654e-16
0.0361199124799
1.69841269812e-16
5.56702213018e-17
0.0322580645151
0.109347147947
0.00980392156834
0.0682539682493
0.0997150997114
0.0745489078795
0.0298572013155
0.0952380952245
0.0266666666656
0.0303030302975
4.13823325959e-17
0.0246913580238
3.82408255076e-17
5.27290448289e-17
0.0107526881713
0.02564102564
1.25559695761e-16
0.00899845254609
0.009259259259
6.25527487924e-17
5.27290448315e-17
0.0185185185165
0.0114942528732
1.6829465473e-16
0.0127891927604
0.044444444443
0.0114719100504
1.4484126982e-16
0.0129384797809
0.0548386313856
0.0222222222207
0.055555555537
0.0550693550663
0.0128205128195
0.0505050505035
0.0347222222215
0.0559386973161
0.0370370370288
0.0404040404028
0.0538888888867
0.0833333332917
0.0356151711371
0.113636363627
0.0512820512781
0.0175438596487
7.72283272223e-17
0.023809523809
0.0433407706702
0.0166666666658
7.16727716676e-17
0.0416666666658
0.009259259259
0.0277777777755
5.56702213018e-17
7.16727716676e-17
0.0238095238078
0.020833333332
0.0648745519692
0.0238095238087
7.72283272168e-17
1.12037037024e-16
0.0238095238087
0.0441370223959
0.0416666666563
0.0624999999961
0.01282051282
0.0416666666649
0.00757575757559
7.16727716676e-17
3.6111111097e-16
5.27290448315e-17
4.55172846456e-17
0.0508771929799
0.018518518518
4.1714975842e-17
3.57446937882e-17
0.0246913580238
0.0498575498557
0.00879958353063
0.101080006906
0.0493827160485
0.09047619047
0.102766798414
0.218181818161
0.0652136230391
0.0485295395609
0.0909090909063
0.0155966625492
0.198412698355
0.0235908824226
0.138758912648
0.0808080808032
0.0303030303003
1.69841269812e-16
0.0416666666615
0.0790598290536
0.0274193156928
0.055555555537
0.06666666664
5.79638595586e-17
0.0531057373149
0.0408536585356
8.37218337084e-17
0.0886939571103
1.25559695761e-16
3.70709537349e-17
0.0148148148142
0.0204832960145
3.45101258882e-17
0.0101010101007
0.0721498811447
1.00673400663e-16
4.54734117666e-17
0.0434782608677
4.31527801777e-17
0.0512820512801
0.0333333333267
0.0195804693822
0.0173430545014
6.25527487924e-17
0.0253639087812
4.1714975842e-17
0.112318840575
0.0666666666633
4.34946347167e-17
7.16727716628e-17
0.0303030303003
0.0847222222168
5.56702213018e-17
0.0440544069941
0.0440933846907
0.0710227272706
0.106782106777
0.037037037035
0.0185185185175
0.0180180180175
0.0289855072451
0.0222222222217
0.0107526881717
0.0171602611556
0.161928104565
0.0222222222193
0.0434782608677
0.0427565598941
0.0774358974329
0.06666666664
0.112260536395
0.0628360215034
0.0344827586195
0.0127891927604
0.0399999999984
0.0184198639745
0.0229438201007
0.0119047619043
0.0190476190471
0.00980392156834
0.00812237428049
0.0303030303003
0.198412698383
0.155851998237
0.0341880341872
3.44906249629e-17
0.0303030302975
0.0646153846129
0.00634097719613
0.0101010101007
0.0504631158726
0.0480599647249
0.009259259259
0.0517948717929
0.0499999999975
0.0123456790119
1.12037037013e-16
0.0558201058185
0.0339957140062
0.0326164874541
0.0498575498557
0.0208333333327
0.0665483491215
0.055555555537
5.00255992821e-17
0.0533036386091
0.0322580645151
0.215740740717
0.0215053763434
0.0599647266292
0.00740740740724
0.0858250276835
0.0422705313992
0.0138888888883
0.0433691756244
0.0122228926927
6.53723676321e-17
2.94165442187e-17
0.0420026881707
0.0138888888877
1.12037037024e-16
0.0336690703062
4.00125650311e-17
1.00673400663e-16
0.0289855072451
0.0192307692304
7.16727716676e-17
0.0114942528728
0.0341880341872
0.049271253286
0.0476190476156
0.0215053763427
0.00854700854679
0.0244457853853
0.0416666666615
6.26633986889e-17
0.0700483091758
2.05555555512e-16
0.0833333333125
1.4484126982e-16
0.0598562210693
3.22804659488e-17
0.037037037035
0.0555555555532
0.0446127946118
0.0711500974621
0.0790598290536
0.0238095238061
6.68650793606e-17
5.00835421863e-17
0.0982326041248
0.0166666666658
0.122826086947
0.325099718662
4.43068719852e-17
0.0189953389885
6.11111110454e-16
0.0186652033584
2.05555555478e-16
0.0837742504379
0.0350877192973
2.05555555512e-16
0.0416666666615
7.70278054854e-17
2.05555555512e-16
0.0668350168335
0.0776172604273
3.84995251633e-17
1.12037037013e-16
0.0360964997288
0.0238095238061
0.238810238804
0.0277777777766
0.102140845182
0.188372697558
0.200280166015
0.193021680208
1.44841269802e-16
3.33333333667e-07
2.05555555512e-16
0.223445636479
0.183439786309
0.10276679841
0.0444444444415
0.0584756429677
0.058629776016
0.0128205128195
0.0555555555509
0.121437013521
0.239668615972
0.165051758952
0.0303030302975
5.00835421863e-17
0.0463125257589
0.0222222222193
0.0277777777755
0.0158730158723
1.03783304872e-16
4.94913703765e-17
3.6111111097e-16
0.0256410256371
0.0675438596457
2.77920777913e-17
5.00835421863e-17
0.0732526881675
0.00833333333292
7.48435688276e-17
0.0624999999961
0.0767507002779
0.0476190476122
2.12830198371e-17
0.0697865353013
0.0555555555509
0.0640415797122
0.0129384797809
0.102608748775
0.0344157301511
0.0427569268185
0.0524193548371
5.56702212989e-17
0.00980392156834
0.0208333333307
0.00740740740724
0.0202020202014
0.0417748917741
0.00854700854679
0.126731893834
0.0405555555539
0.0793532812386
6.11111110454e-16
4.76911976889e-17
0.208194501615
0.088274044788
0.122001990553
4.55172846456e-17
7.72283272223e-17
0.0995432263785
0.0533333333291
0.0766842037798
0.0876152832636
0.11628584229
0.169376774267
5.27290448315e-17
0.107486828415
0.316429249751
0.0333333333317
0.0538888888867
0.136295971765
0.0144927536226
0.0938672438586
0.0151515151508
4.55172846437e-17
0.0536062378139
4.00427350411e-17
0.0362862862853
3.57446937894e-17
2.77920777913e-17
1.26322751307e-16
9.14141414057e-17
0.0375118708438
0.0256410256404
5.00835421839e-17
0.00877192982433
0.0162601626012
4.31527801777e-17
0.0129384797809
0.016666666665
0.0303030303003
0.0158730158723
4.76911976889e-17
4.17149758437e-17
4.00125650311e-17
0.0104166666663
1.12037037024e-16
0.0158730158723
0.0706495969635
1.1147943674e-16
0.0201720141059
3.33580521556e-17
0.037037037035
0.0277777777766
0.0731152100701
0.0801587301549
0.0111111111104
0.0202020202014
0.0333333333322
0.020833333332
0.0144927536226
0.0303030303021
8.37218337148e-17
0.0595238095217
0.0238095238078
0.0106735966187
0.0202020202008
0.0289855072451
0.0182795437975
1.12037037013e-16
3.31926265219e-17
0.0190476190471
0.0107526881717
5.88668152849e-17
0.031249999999
4.17149758437e-17
0.0133333333328
0.0287672398848
0.0214188583981
0.00952380952354
3.45101258882e-17
0.0133333333323
0.0433691756258
0.0166666666658
0.103703703693
0.0416666666641
0.0170940170936
1.00673400663e-16
0.0416666666615
0.00666246381831
0.0507093282497
0.0277777777755
0.0615079365067
0.0107344999607
0.0225988700561
0.0175438596482
0.0437645531925
0.0114942528728
2.32642034962e-17
2.63279473792e-17
0.0350877192973
0.0410958904104
0.0142857142855
0.0161290322578
0.0445386064023
0.0416666666659
0.0180180180175
0.0208333333329
0.0517102615687
0.0303599908859
0.0119047619043
0.0341880341872
0.0303807303803
0.0444444444385
0.0934457102266
0.0241265750284
0.0303030303027
0.0347222222215
0.0970695970556
0.0429599640115
5.55915129685e-17
0.0185185185175
8.37218337148e-17
0.100877192977
7.72283272223e-17
0.0158730158723
0.0333333333317
0.0312005193683
0.0180599562424
0.0222222222193
0.0202020202008
0.029061834598
0.0392156862699
0.0293842685829
0.0229885057455
0.0864662659214
0.0297291416613
0.0454545454504
0.0165400553689
0.160931174085
0.0253639087812
0.0266666666656
0.0484030197433
0.138528138522
0.0303030303003
0.0515740131793
0.0138888888877
0.0520008656139
0.0185185185175
0.0277777777755
0.0133333333328
0.0166666666658
0.01282051282
0.0433263452123
0.0303030303003
0.009259259259
0.0476190476054
0.0303030303017
3.6111111097e-16
0.0256410256404
0.0856404577315
0.0446127946118
0.0277777777755
0.0349212275462
0.0630630630614
0.0428613155337
9.14141414057e-17
0.055538680775
0.0215053763434
7.72283272168e-17
1.4484126982e-16
0.0303030303021
0.0270270270263
0.0512820512801
4.76911976868e-17
0.0222222222193
0.00980392156834
8.37218337148e-17
0.00873030688705
0.0666666666644
0.0303030302975
0.0266666666656
1.00673400654e-16
0.023809523809
0.0420026881707
0.124756335276
0.0515334338854
0.0323110748211
2.77817770204e-17
0.114369256469
0.0362862862853
0.0104166666663
0.00574712643668
0.0158121579987
5.48413346094e-17
0.0190476190471
5.00835421863e-17
0.016244748561
0.0205498866209
4.13823325959e-17
0.00980392156834
0.0133333333328
0.018518518518
3.84726369408e-17
0.0322580645151
0.0195271278267
0.0124482616148
2.94287411926e-17
0.020833333332
0.0672222222195
0.0779487179457
2.05555555512e-16
0.0693760262702
0.0114942528732
0.0215053763434
6.68650793606e-17
5.27290448315e-17
0.0204081632649
0.0114942528732
0.029411764705
0.0196078431349
7.16727716676e-17
2.17459828001e-17
3.22804659488e-17
0.0208333333327
0.0333333333322
6.26633986889e-17
6.26633986852e-17
0.0166666666658
0.0104166666663
0.0196078431367
0.044444444443
0.0533333333312
0.0202020202014
0.0499999999988
0.0235908824226
0.0650793650775
0.0244457853853
3.84995251647e-17
0.0256410256391
0.06294326241
0.154545454531
0.0559427022828
0.0180180180175
0.0538888888867
0.0350877192964
0.0571138211368
0.0434782608677
0.0444444444415
0.0107526881717
0.0256410256371
0.0384615384601
0.0175438596482
0.0476190476173
0.0517948717929
1.44841269802e-16
0.0764705882309
0.0476190476122
0.999999999056
0.0397914741428
0.0675438596423
4.76911976889e-17
0.0185185185175
0.0380952380941
0.071428571426
0.0415462189645
0.0579710144902
0.0151515151512
0.014913988612
0.037037037035
0.018518518518
0.0606060606006
0.111111111037
0.018518518518
0.04030865356
0.0606060606006
0.037037037035
4.35331576617e-17
0.0672628918335
0.0463125257589
0.0579710144902
1.00673400663e-16
0.0298279772208
1.26322751293e-16
0.0240799416576
0.02564102564
0.113636363627
0.037037037035
0.0256410256391
0.0256410256391
0.0494991847184
0.0480061943465
0.018518518518
0.0270270270263
0.0104166666663
0.0277777777766
4.23948031761e-17
0.0133333333328
0.0101010101007
0.0541218637975
0.0333333333325
0.00833333333313
0.0151460990304
0.0476190476122
0.0326850704622
0.02564102564
0.0927750410477
0.0208003462456
5.56702213018e-17
3.03215983354e-17
0.0387596899216
0.0444444444415
0.0108950234878
0.0572118702537
0.0654471544699
0.0392156862699
0.0362852963767
0.0416666666649
0.0936819172009
0.0478126209822
0.0551167308675
0.0144927536226
0.0476190476156
0.471428571353
6.67318500132e-17
0.0389442598727
0.0440933846907
0.0422481878167
9.14141413981e-17
0.0126582278479
0.00833333333313
0.00833333333313
0.0111111111109
0.0202020202014
0.00900900900877
0.0096601862504
0.00784313725481
0.00770581375908
9.14141414057e-17
0.0158730158726
0.0416666666615
0.0482686928379
0.0123456790119
0.0907692307657
0.0606060606033
1.26322751293e-16
0.0476190476054
0.0499889312951
0.0666666666578
0.0123456790119
9.14141414057e-17
0.0476190476145
1.00255145658e-16
0.0416666666649
6.14525153202e-17
0.0416666666649
0.0263523606607
0.0303030303021
4.55172846456e-17
0.0212765957442
0.0952380952245
0.0555555555525
0.0476190476156
0.0266666666656
0.0209888440463
0.0525490196068
0.00952380952354
0.00757575757559
0.0499999999975
0.0344827586195
4.76911976889e-17
0.0532064834378
0.035292204498
0.0123456790119
0.0277777777766
0.0416666666649
0.0925925925874
5.89596949856e-17
0.00979023469108
0.037037037036
1.26322751307e-16
0.0277777777766
0.00946990901793
0.0277777777772
0.0407196969685
0.0185185185175
9.14141414057e-17
4.17149758437e-17
0.00879958353063
0.0133333333331
0.0256410256397
0.0277777777766
0.023809523809
0.0151515151508
0.0289855072451
0.0444444444415
7.1510425171e-17
0.0303030303012
0.127777777772
0.0243902439012
0.0256410256404
0.0196078431361
5.89596949856e-17
0.0757575757541
0.0170760514871
0.0764790764756
5.27290448315e-17
0.0266666666656
0.0195959734763
0.009259259259
0.0114942528734
0.0361199124799
0.0751633986886
0.0463875205238
0.0512820512742
0.0476190476156
0.0266666666645
0.0069444444443
5.89596949823e-17
0.0111111111107
0.0440933846907
0.0444444444415
0.0238095238078
0.0174606137731
0.0790598290536
0.0185185185175
3.33333333667e-07
0.0833333333281
0.0185185185175
0.0256410256391
0.0775746402938
0.01282051282
0.0700483091758
1.26322751307e-16
6.68650793606e-17
1.1147943674e-16
0.115740740714
0.0476190476122
0.0122228926927
4.00427350411e-17
1.26322751293e-16
0.0303030303017
0.0476190476054
0.166666666583
0.03333333333
0.0350877192946
0.0303030302975
0.0196078431361
0.0454545454525
0.0434782608658
1.12037037013e-16
0.0196078431361
0.0370370370329
0.0392156862722
0.0361199124799
0.0316243159989
0.0405555555539
0.0221819757311
6.53723676321e-17
1.13848007776e-16
0.352599145633
0.112160941788
0.079258230666
0.0350877192964
0.0873694206962
3.13798848607e-17
0.0833333332917
0.039346405228
0.0765884411582
0.0196078431361
2.50104231805e-17
0.0344827586195
0.0384615384586
2.50104231805e-17
3.33580521545e-17
7.72283272168e-17
2.43999225701e-17
0.0229885057467
0.01282051282
3.12703649387e-17
0.0109289617485
4.00427350411e-17
0.0111111111107
0.0253639087812
0.0303030302975
8.34703179883e-17
0.0263523606607
0.0122228926927
0.00877192982433
0.0171625517437
0.0173160173158
0.012121212121
4.50795765984e-17
7.72283272168e-17
0.0476190476054
0.0333333333317
0.0350877192946
0.0277777777766
0.179867875246
0.0622032288676
0.191088238353
0.037037037035
0.030415263748
0.0748306973963
0.0344129554647
0.0403086535537
0.0666666666533
0.0349212275462
0.0711369263982
2.05555555512e-16
0.0416666666615
0.00876220249606
0.0989609805387
0.0448275862039
0.050435413642
0.0526315789446
0.0238095238078
0.0370901302032
0.018518518518
0.113519724936
0.0498575498538
0.113581466833
0.0392156862699
0.0700069970364
4.34946347167e-17
0.018518518518
0.0751478369104
0.0994855560996
0.0638792102191
0.0964647601476
0.207576319354
0.0487804878037
0.0648745519692
0.0138888888886
0.0222222222215
0.0250851899643
0.0886939571056
7.72283272223e-17
0.0155038759683
0.0344827586183
0.0655844155832
0.0540540540511
0.0274193156928
0.202867996186
0.0189953389885
0.162561576349
0.0476190476168
0.031124813706
0.0616405879531
0.127588179528
0.0894839316625
0.0238095238078
0.110075270446
0.0525330827645
0.116410256401
3.33333333667e-07
0.0118798606703
0.0285714285706
0.0427565598941
1.12037037024e-16
0.143822222316
0.0437645531925
0.0144927536226
0.020833333332
0.0616951548631
0.0361199124848
0.0574712643658
0.222649572641
0.112200435724
0.071869488531
0.150656814445
0.0343205223111
0.0151515151501
0.00719180997119
0.0833333333229
0.0370370370329
7.16727716676e-17
0.0289855072451
0.0204081632649
0.0402096189632
0.089718614717
0.0493827160476
0.0283687943256
0.038587229763
0.0350877192964
0.020833333332
0.0476190476122
0.0272108843532
0.00724637681144
0.0482485220121
0.0195804693822
0.0463732933621
0.0622000738265
0.0849998786475
0.101754385955
0.112453746526
0.0723223223204
0.0559386973161
0.0447600581718
0.0599404901717
6.26633986889e-17
0.0886939571103
0.0335470085462
0.0918376068305
0.0220466923454
0.0491410175623
0.0585470085441
0.0370370370329
0.0123456790119
0.0289855072451
3.33580521556e-17
0.0179275036204
0.1168764283
1.12037037024e-16
1.12037037024e-16
2.5874741752e-16
0.0688314603022
1.26322751307e-16
5.56702213018e-17
0.0843344483266
0.0454545454525
0.044444444443
0.136285327136
0.222222222148
0.0303030303017
0.01282051282
5.89596949823e-17
0.0638888888848
0.0277777777766
0.0303030303003
1.00673400663e-16
0.0107526881713
0.111458277976
0.0350877192964
0.0588235294083
2.61111110988e-16
0.0196078431361
0.0123178133215
0.0886807860468
