2.13333333333333
0.6875
2.23076923076923
1.10344827586207
0.6
1.62857142857143
0.8
1.19230769230769
0.696969696969697
2.25
1.12
0.454545454545455
0.967741935483871
0.16
0.846153846153846
0.583333333333333
1.08333333333333
1
1
4.42857142857143
0.04
4
1.34782608695652
0.4
1.82352941176471
1.03333333333333
0.0909090909090909
1.625
0.166666666666667
1.31034482758621
0.882352941176471
0.909090909090909
1.29166666666667
0.793103448275862
0.692307692307692
0.142857142857143
0.142857142857143
3.6
1.8
3
6.48275862068965
0.347826086956522
1.33333333333333
0.166666666666667
0.411764705882353
1.63636363636364
1.05555555555556
0.844444444444444
0.0833333333333333
0.666666666666667
0.5
0.0434782608695652
1.1875
1.28571428571429
0.619047619047619
0.404761904761905
0.142857142857143
1.75
0.692307692307692
0.96875
0.25
2.54347826086957
0.72972972972973
0.1
0.0277777777777778
0.0666666666666667
0.0344827586206897
0.2
0.0384615384615385
0.25
1.31034482758621
1.12
3.26666666666667
1.11111111111111
1
2
0.75
0.6
3.13333333333333
1.76923076923077
1.20833333333333
1.25714285714286
2.0625
1.95454545454545
0.4
0.878048780487805
0.0833333333333333
0.2
0.2
3
3.5
2.35555555555556
0.5
1.80952380952381
0.0909090909090909
2.88888888888889
1.38461538461538
1.42307692307692
0.555555555555556
2
2.38709677419355
2.03225806451613
1.41666666666667
0.8
3.39393939393939
3.05882352941176
1.63157894736842
1.55555555555556
1.88888888888889
2.90909090909091
1.57142857142857
0.767441860465116
0.571428571428571
0.84
1.59090909090909
1.92592592592593
2.26086956521739
1.4375
2.38235294117647
1.14285714285714
1.18181818181818
0.166666666666667
0.0909090909090909
1.55555555555556
1.3125
1.52631578947368
0.772727272727273
0.692307692307692
0.111111111111111
0.647058823529412
1.11111111111111
3.47826086956522
2.38461538461538
1.38461538461538
0.892857142857143
1.11111111111111
2
1.60606060606061
0.05
0.25
2.61111111111111
1.6
0.885714285714286
0.571428571428571
1.72
2
1.5
1.43636363636364
1.5
1
0.44
0.5
1.4
0.954545454545455
0.5
1.97777777777778
0.157894736842105
0.2
0.391304347826087
0.277777777777778
0.166666666666667
0.612903225806452
0.0909090909090909
0.935483870967742
0.970588235294118
0.0476190476190476
0.307692307692308
1.25
0.5
2.44827586206897
1.05882352941176
0.166666666666667
0.727272727272727
1.56756756756757
1.26315789473684
1.03846153846154
2.125
0.805555555555556
0.166666666666667
1.06060606060606
0.166666666666667
0.0833333333333333
0.695652173913043
0.916666666666667
1.36363636363636
0.818181818181818
0.611111111111111
1.5609756097561
1.78260869565217
0.166666666666667
1.16666666666667
0.136363636363636
1
0.692307692307692
1.07692307692308
0.0416666666666667
0.727272727272727
1.9375
0.846153846153846
0.857142857142857
0.740740740740741
1
0.352941176470588
0.448275862068966
4.05882352941176
0.392857142857143
0.125
1.25806451612903
0.272727272727273
1.04166666666667
2.24
1.27272727272727
0.545454545454545
0.333333333333333
1.03125
0.736842105263158
1
0.4375
1.4
0.0277777777777778
1.15555555555556
2.3125
0.971428571428571
0.552631578947368
0.695652173913043
2.72222222222222
1
2.34782608695652
0.714285714285714
1.39130434782609
2.46153846153846
0.0625
0.3125
0.2
0.947368421052632
0.0769230769230769
0.411764705882353
0.518518518518518
1.68965517241379
0.307692307692308
0.0769230769230769
1.17391304347826
0.35
0.25
0.625
0.0952380952380952
0.0555555555555556
0.388888888888889
2.25
3.37931034482759
1
1.73333333333333
1.68181818181818
0.739130434782609
0.882352941176471
0.384615384615385
0.9
0.7
0.769230769230769
1.18181818181818
0.1
0.476190476190476
1.80434782608696
1
0.0714285714285714
1.48148148148148
0.464285714285714
0.857142857142857
1.30434782608696
0.44
0.6
0.111111111111111
2.48
1.35714285714286
0.8
0.5
0.333333333333333
0.538461538461538
0.205128205128205
0.3
0.772727272727273
0.727272727272727
0.846153846153846
0.0833333333333333
0.153846153846154
1.70731707317073
1
0.692307692307692
1.30909090909091
1.3
0.333333333333333
0.882352941176471
1.85714285714286
1.05555555555556
1.65
0.666666666666667
1.2112676056338
0.826086956521739
0.583333333333333
1.05263157894737
0.964285714285714
1.89090909090909
0.466666666666667
2
0.96875
0.321428571428571
0.1
0.0769230769230769
1.42857142857143
0.173913043478261
3
2.10909090909091
1
0.588235294117647
3.2
1.36363636363636
0.815789473684211
1.45454545454545
0.222222222222222
2.3125
0.565217391304348
0.185185185185185
0.863636363636364
1.68
0.511627906976744
0.793103448275862
2.2280701754386
0.836734693877551
0.68
0.290909090909091
0.780487804878049
2.5
0.8
0.333333333333333
0.8
0.875
0.815789473684211
1.5
1.5
0.444444444444444
1
2.22222222222222
1.23809523809524
1.21428571428571
0.0434782608695652
2.46153846153846
1.27272727272727
1.05
1.14285714285714
0.444444444444444
0.636363636363636
0.777777777777778
1.76470588235294
0.733333333333333
0.555555555555556
1.09090909090909
0.714285714285714
0.115384615384615
0.5
0.625
0.0714285714285714
0.571428571428571
0.0909090909090909
1.76190476190476
0.15
0.0588235294117647
0.4375
1.16666666666667
0.387755102040816
0.0666666666666667
0.675
0.805555555555556
2.5
0.461538461538462
1.32258064516129
0.0476190476190476
0.111111111111111
0.6
0.0882352941176471
0.1
1
0.263157894736842
0.589041095890411
1.76470588235294
1.26666666666667
1.22222222222222
0.388888888888889
1.5
2
0.777777777777778
2
0.6
1.76
0.12
0.878787878787879
0.2
0.272727272727273
1.3125
2.25806451612903
0.92
1.52631578947368
1.33333333333333
1.41304347826087
0.375
0.575757575757576
0.409090909090909
2.25
0.318181818181818
0.285714285714286
0.0277777777777778
0.142857142857143
0.769230769230769
2.33333333333333
0.666666666666667
1.15789473684211
0.272727272727273
0.3
1.5
1.25
0.863636363636364
2
1.3448275862069
2.04761904761905
2.41666666666667
0.470588235294118
0.625
1.72727272727273
1.32352941176471
0.333333333333333
3.5
0.45
0.0714285714285714
0.868421052631579
0.39622641509434
1.55555555555556
0.19047619047619
0.377777777777778
2.88888888888889
0.842105263157895
0.904761904761905
1
0.725490196078431
2.26315789473684
0.25
3.1219512195122
0.333333333333333
1.6875
0.82
0.0384615384615385
1.1
2.30434782608696
4.91666666666667
0.391304347826087
0.578947368421053
0.964285714285714
1.30434782608696
0.620689655172414
0.0909090909090909
1.35294117647059
0.571428571428571
0.432432432432432
2.375
1.46666666666667
0.0526315789473684
0.707317073170732
2.21052631578947
1.78125
0.0434782608695652
0.647058823529412
0.529411764705882
0.590909090909091
2.3
1.77777777777778
2.77777777777778
2.26470588235294
2
1.08333333333333
1.64285714285714
1.58333333333333
1.10526315789474
2.05555555555556
1.33333333333333
1.13636363636364
0.142857142857143
0.875
0.272727272727273
1.5
1.42424242424242
1.52777777777778
0.75
0.875
1.92307692307692
1.9047619047619
1.0625
1.37037037037037
1.66666666666667
0.142857142857143
3
0.307692307692308
1.85
1.38461538461538
2.06451612903226
0.75
1
2.15789473684211
1.65573770491803
2.33333333333333
0.555555555555556
0.19047619047619
0.814814814814815
0.444444444444444
2.625
1.08
2.11111111111111
1.5
1.14285714285714
1.68181818181818
0.657894736842105
1.79245283018868
0.209677419354839
1.12903225806452
0.916666666666667
1.35135135135135
0.111111111111111
0.5
0.619047619047619
0.590909090909091
0.545454545454545
1.8
0.846153846153846
0.0555555555555556
0.774193548387097
0.21875
0.545454545454545
0.444444444444444
1.05882352941176
1.22222222222222
0.581395348837209
0.727272727272727
0.25
2
1.04166666666667
1.57142857142857
0.290322580645161
0.521739130434783
1.04347826086957
0.888888888888889
0.583333333333333
1.22222222222222
0.676470588235294
0.857142857142857
1.05263157894737
0.222222222222222
1
2.18181818181818
1.54545454545455
1.41666666666667
0.555555555555556
2.5
1
0.681818181818182
1.38888888888889
0.80952380952381
0.3
1.14814814814815
0.5
2.04761904761905
0.625
1.22222222222222
2.6
0.75
1.27272727272727
1.45833333333333
0.407407407407407
0.0588235294117647
0.0909090909090909
0.1
1.45454545454545
1
0.875
0.142857142857143
0.5
0.62962962962963
0.25
0.142857142857143
1.58823529411765
0.818181818181818
0.466666666666667
0.5
0.545454545454545
0.0344827586206897
0.333333333333333
0.6
2.35
0.866666666666667
0.666666666666667
1.55555555555556
0.76
0.925
0.315789473684211
0.694444444444444
0.88
0.5
0.125
0.80952380952381
2.11111111111111
0.454545454545455
0.627906976744186
0.382352941176471
0.111111111111111
1.80952380952381
0.333333333333333
1.90625
0.766666666666667
0.829268292682927
1.47222222222222
0.777777777777778
0.75
0.428571428571429
1.46666666666667
0.904761904761905
2.81578947368421
1.82222222222222
0.956521739130435
0.5625
0.69047619047619
1.42857142857143
0.933333333333333
1.92307692307692
0.733333333333333
0.277777777777778
0.571428571428571
0.666666666666667
0.717948717948718
1.52380952380952
0.541666666666667
0.708333333333333
1.66666666666667
0.0769230769230769
0.04
0.257142857142857
0.0909090909090909
0.0526315789473684
0.296296296296296
0.176470588235294
0.555555555555556
1.05555555555556
1
1.25
0.464285714285714
0.0714285714285714
0.178571428571429
0.12
1.025
0.333333333333333
1.7
1
0.58974358974359
0.210526315789474
0.4
1.20689655172414
1.91836734693878
1.16216216216216
0.894736842105263
0.526315789473684
0.571428571428571
1.33333333333333
0.35
0.388888888888889
1.51724137931034
0.852941176470588
3.45
2.28125
0.5
0.423076923076923
1.24137931034483
0.3
1.33333333333333
0.0526315789473684
1.35555555555556
1.69047619047619
0.1875
0.0434782608695652
0.571428571428571
0.111111111111111
1.15384615384615
0.344827586206897
0.560975609756098
0.666666666666667
0.9375
0.2
0.357142857142857
2.13636363636364
1.92857142857143
0.142857142857143
0.608695652173913
0.782608695652174
1.59090909090909
1
1.78571428571429
0.533333333333333
1.05882352941176
1.4
0.5
1.09090909090909
1.56140350877193
0.357142857142857
1.27272727272727
1.24324324324324
1.88888888888889
0.909090909090909
2.4
1.97222222222222
0.0769230769230769
0.166666666666667
0.285714285714286
1.57894736842105
0.1875
2.5
1.25
0.157894736842105
1.33333333333333
1
1.46666666666667
0.0625
0.619047619047619
0.8
1.61764705882353
0.0769230769230769
0.05
0.35
0.944444444444444
0.5
1.55
0.68
1.41666666666667
0.727272727272727
0.269230769230769
1.76190476190476
0.037037037037037
0.666666666666667
0.55
0.833333333333333
0.545454545454545
0.263157894736842
0.733333333333333
0.421052631578947
0.7
2.14814814814815
0.0769230769230769
0.625
5.33333333333333
1.1
1.5
0.454545454545455
1.52380952380952
1.78125
1.875
0.888888888888889
0.222222222222222
1.44444444444444
1.14285714285714
0.529411764705882
0.75
2.46153846153846
1
0.571428571428571
0.454545454545455
0.666666666666667
0.32
1
0.733333333333333
0.1
0.428571428571429
0.2
0.125
0.0909090909090909
0.409090909090909
0.233333333333333
0.25
0.428571428571429
0.105263157894737
1.31372549019608
0.166666666666667
0.545454545454545
0.684210526315789
0.464285714285714
1.58620689655172
0.0294117647058824
0.941176470588235
0.75
0.0714285714285714
0.4
0.428571428571429
0.961538461538462
1.65384615384615
0.529411764705882
0.4
1.22222222222222
0.647058823529412
1.83333333333333
0.703703703703704
0.0930232558139535
0.75
1.08333333333333
2.16129032258065
0.125
0.444444444444444
1.46666666666667
0.416666666666667
1.09090909090909
1.51724137931034
0.631578947368421
0.142857142857143
1.2972972972973
1.07692307692308
0.352941176470588
1.125
1
0.230769230769231
0.0333333333333333
0.361111111111111
0.0454545454545455
0.545454545454545
1.75
0.928571428571429
1.4
0.64
0.0882352941176471
0.0555555555555556
0.961538461538462
0.0476190476190476
0.137931034482759
0.25
0.766666666666667
0.117647058823529
0.05
0.272727272727273
0.0588235294117647
0.368421052631579
0.571428571428571
1.15
0.833333333333333
0.366666666666667
3.55555555555556
0.1
1.20833333333333
0.838709677419355
1
1.44
0.666666666666667
0.592592592592593
1.58823529411765
0.454545454545455
0.9
1.41666666666667
0.926829268292683
0.428571428571429
0.307692307692308
0.0714285714285714
0.619047619047619
0.0588235294117647
1
1.53846153846154
1.14285714285714
0.178571428571429
0.866666666666667
0.28
0.826086956521739
1.28571428571429
1.38461538461538
0.952380952380952
0.5
1.09090909090909
0.564102564102564
0.347826086956522
0.8125
0.888888888888889
1.21739130434783
0.931034482758621
0.05
0.777777777777778
3.12
0.806451612903226
0.681818181818182
0.7
0.0625
1.25
0.724137931034483
4.54545454545455
0.55
0.0303030303030303
0.785714285714286
1.71428571428571
0.444444444444444
0.111111111111111
0.285714285714286
0.185185185185185
0.217391304347826
0.952380952380952
0.566666666666667
0.705882352941177
0.692307692307692
0.523809523809524
0.928571428571429
0.975609756097561
1.33333333333333
0.9
2.29411764705882
1.8695652173913
2.08333333333333
1.61538461538462
1.05
0.571428571428571
0.181818181818182
0.125
1.52941176470588
0.76
2.72413793103448
0.521739130434783
1.2
0.0256410256410256
0.608695652173913
2.375
1.35483870967742
0.0625
0.205882352941176
1.09090909090909
0.540540540540541
0.777777777777778
0.5
1.46511627906977
0.208333333333333
0.388888888888889
0.35
1.95652173913043
1.09090909090909
0.653846153846154
0.75
1.40625
1.07407407407407
1.3
0.565217391304348
0.875
1.75
0.142857142857143
0.466666666666667
0
0.0909090909090909
1.07407407407407
0.0714285714285714
0.194444444444444
0.315789473684211
1.16666666666667
0.933333333333333
1.52380952380952
0
1
2.55555555555556
1.1025641025641
1.76470588235294
0.770833333333333
0.75
1.03703703703704
1.79591836734694
0.394736842105263
0.7
0.303030303030303
1.84615384615385
0.111111111111111
0.785714285714286
0
0.294117647058824
0.27906976744186
0.633333333333333
0.117647058823529
0.24
0.363636363636364
0.59375
0.5
0.892857142857143
0.307692307692308
0.689655172413793
0.590909090909091
1.125
0.96551724137931
1.16666666666667
0.153846153846154
1.16666666666667
1.62857142857143
0.551724137931034
0.888888888888889
3
0.846153846153846
1.5
1.47058823529412
1.22222222222222
0.833333333333333
1.22222222222222
0.846153846153846
0.769230769230769
0.444444444444444
1.44444444444444
0.75
0.888888888888889
0.5
1.13157894736842
1.05714285714286
1.76666666666667
0.0909090909090909
2.46666666666667
0.818181818181818
1.62962962962963
0.8
0.0833333333333333
0.2
0.32
2.18867924528302
1.07142857142857
0.35
0.666666666666667
0.829268292682927
0.545454545454545
0.625
0.0714285714285714
0.545454545454545
0.891891891891892
0.84375
0.107142857142857
0.357142857142857
0.51219512195122
1.46969696969697
0.125
0.617647058823529
1.66666666666667
1.34615384615385
0.225
0.448275862068966
0.111111111111111
0
0.107142857142857
1.37931034482759
0.272727272727273
0.117647058823529
1.2972972972973
1.2
1.24324324324324
1.8
0.852941176470588
0.875
0.444444444444444
0.363636363636364
0.794871794871795
1.27272727272727
1.95652173913043
0.5
0.4375
0
1.52941176470588
1.15789473684211
0.222222222222222
0.720930232558139
0.142857142857143
0.125
0.125
1.54838709677419
0.176470588235294
0.333333333333333
0.842105263157895
0.157894736842105
0.666666666666667
0.714285714285714
0.444444444444444
0.19047619047619
0.0625
1.14285714285714
0.166666666666667
0.666666666666667
0.894736842105263
0.166666666666667
0.545454545454545
2.57692307692308
0.6
0.142857142857143
0.95
0.391304347826087
0.357142857142857
0.636363636363636
1.57142857142857
0.0625
0.939393939393939
0.375
1.54545454545455
0.306122448979592
0.222222222222222
0.0476190476190476
0.571428571428571
1.67741935483871
0.0526315789473684
1.42553191489362
0.62
0.538461538461538
0.3125
0.0909090909090909
0.1
0
0.903225806451613
0.931818181818182
0.523809523809524
1.83333333333333
1.03225806451613
0.5
0.935483870967742
2.76
0.935483870967742
0.366666666666667
0.942307692307692
0.166666666666667
1.43076923076923
0.615384615384615
0.352941176470588
0.477272727272727
0.375
0.0416666666666667
0.214285714285714
0.3
0.62
0.4
0.222222222222222
1.13333333333333
0.682926829268293
1
0.972972972972973
0.55
0.58
0.48780487804878
0.136363636363636
0
0.68
0.142857142857143
1
1
1.32
0.90625
0.0285714285714286
0.333333333333333
0.857142857142857
0.210526315789474
1.13333333333333
0.291666666666667
0.904761904761905
0.28
0.0645161290322581
0.833333333333333
0.766666666666667
0.347826086956522
0.3125
1.47368421052632
1.2
0.849056603773585
0.36
0.0294117647058824
0.142857142857143
1.14285714285714
0
0.142857142857143
0.142857142857143
1.65714285714286
1.48484848484848
0
0.859154929577465
1.36666666666667
1
0.111111111111111
1.66666666666667
1.70967741935484
1.10526315789474
0.588235294117647
0.769230769230769
0.884615384615385
0.478260869565217
1.48275862068966
1.72413793103448
1
1.6875
1.07142857142857
0.8125
1.43859649122807
0.857142857142857
1.49122807017544
0.523809523809524
0.721311475409836
0.592592592592593
1.18518518518519
1.07627118644068
1.01190476190476
1.11111111111111
1.51515151515152
0.151515151515152
0.631578947368421
1
0.62962962962963
2.14285714285714
1.3030303030303
1.78787878787879
0.588235294117647
0.28
0.705882352941177
0.875
0.434782608695652
1.625
0.5
0.315789473684211
0.461538461538462
0.944444444444444
1.125
1.3448275862069
0.542857142857143
1.3030303030303
0.978260869565217
0.88
0.724137931034483
0.5
0.228571428571429
1.15151515151515
1.15555555555556
0.575757575757576
0.130434782608696
0.727272727272727
0.777777777777778
0.404255319148936
0.764705882352941
0.25
0.166666666666667
0.203389830508475
0.0851063829787234
0.159090909090909
0.0526315789473684
1.09090909090909
0.837209302325581
0.490909090909091
0.976190476190476
0.59375
0.864406779661017
1.05882352941176
1.04347826086957
0.5
1.31081081081081
0.8
0.547619047619048
1.25
1.83333333333333
0.652173913043478
1
1.08
0.761904761904762
1
1.22222222222222
0.909090909090909
0.714285714285714
1
0.652173913043478
1
0.444444444444444
0.526315789473684
1.23287671232877
0.58
0.628571428571429
0.833333333333333
0.0714285714285714
0.732558139534884
0.734177215189873
0.0588235294117647
0.571428571428571
1.25
0.625
0.888888888888889
0.857142857142857
1
0.142857142857143
0.142857142857143
0.131578947368421
0.5
0.948717948717949
0.533333333333333
0.181818181818182
0.883720930232558
0.5
1.14285714285714
0.0526315789473684
0.789473684210526
1.16666666666667
1.4
0.153846153846154
0.357142857142857
1.58064516129032
0.482758620689655
0.857142857142857
0.848484848484849
0.111111111111111
0.483870967741935
0.125
0.0714285714285714
0.318181818181818
0.454545454545455
0.636363636363636
1.23529411764706
1.44444444444444
1
0.938775510204082
1
1.04347826086957
0.357142857142857
0.424242424242424
0.65
0.575757575757576
0.434782608695652
0.977777777777778
0.833333333333333
0.473684210526316
1.125
0.256756756756757
0.659574468085106
0.875
1.42857142857143
1.9047619047619
0.5
0.5
0.125
0.25
1.5
0.0625
1.44
0.846153846153846
0.142857142857143
0.5
1.02941176470588
0.0625
0.210526315789474
0.2
1
1.92
0.111111111111111
0.6875
0.8125
0.545454545454545
0.5
0.307692307692308
0.555555555555556
0.0434782608695652
0.428571428571429
0.62962962962963
1.6
0.136363636363636
0.866666666666667
0.705882352941177
0.5625
0.272727272727273
0.545454545454545
1.66666666666667
1.39583333333333
0.538461538461538
0.705882352941177
0.35
0.704545454545455
1.32608695652174
1.13333333333333
1.41379310344828
0.125
1.08333333333333
0.5
0.5
1.06666666666667
0.333333333333333
1.57142857142857
2.0625
2.51351351351351
0.166666666666667
0.125
1.70588235294118
1.375
0.666666666666667
0.941176470588235
0.75
0.823529411764706
0.45
1.46666666666667
0.0714285714285714
0.7
0.782608695652174
1.24
0.166666666666667
1.06666666666667
0.25
1.75
0.35
0.714285714285714
0.545454545454545
1.14285714285714
0.266666666666667
0.181818181818182
0.35
1.66666666666667
0.4
0.266666666666667
1.55
1.5
0.6875
0.2
1.18181818181818
1.2
1.33333333333333
0.294117647058824
0.8
1.53571428571429
1
3.07692307692308
3.53846153846154
0.0285714285714286
0.466666666666667
0.84375
0.666666666666667
1.01960784313725
0
0.0303030303030303
0.176470588235294
2.2
1.36363636363636
0.777777777777778
0.6875
1.57142857142857
0.8
0.7
0.533333333333333
0.78125
0.478260869565217
0.588235294117647
0.2
0.0526315789473684
0.5
2.10869565217391
1.25
0.964285714285714
1.16666666666667
1.16666666666667
0.344827586206897
0.5
1.42857142857143
0.375
0.833333333333333
0.25
1.16666666666667
2.02898550724638
0.633333333333333
2.18888888888889
1.31034482758621
0.425925925925926
0.125
1.4
0.8
0.315789473684211
0.590909090909091
1.80555555555556
0.133333333333333
0.3
0.0454545454545455
0.777777777777778
0.75
1.375
1.33333333333333
1.08695652173913
0.857142857142857
0.333333333333333
0.375
0.551724137931034
0.210526315789474
0.5
0.272727272727273
1
0.470588235294118
1
0.85
0.291666666666667
0.8
0.0909090909090909
1.14814814814815
0.456521739130435
0.693877551020408
0.0588235294117647
0.75
1.38888888888889
0.8
0.0909090909090909
1.72727272727273
0.727272727272727
0.5
0.6
0.454545454545455
0.666666666666667
1.14285714285714
0.666666666666667
0.888888888888889
1.10526315789474
0.941176470588235
1.33333333333333
0.142857142857143
0.52
0.333333333333333
0.333333333333333
1.5
2
2.57142857142857
2.40909090909091
0.981481481481482
2.11428571428571
1.61538461538462
0.714285714285714
1.25
0.897959183673469
0.25
1.37209302325581
1.38461538461538
0.5
1.17391304347826
1.19047619047619
1
1.41463414634146
0.782608695652174
0.214285714285714
0.925925925925926
1.76470588235294
0.0740740740740741
0.545454545454545
0.025
0.25
0.1
0.358974358974359
0.125
0.608695652173913
0.703703703703704
1.08333333333333
0.652173913043478
1.06666666666667
0.636363636363636
0.266666666666667
1.78947368421053
1.36842105263158
0.166666666666667
0.883720930232558
0.8
0.926829268292683
1.09090909090909
0.346153846153846
0.1875
0.0256410256410256
0
0.5
1.09090909090909
0.333333333333333
0.461538461538462
0.551724137931034
0.288461538461538
0.535714285714286
0.25
0.381818181818182
0.142857142857143
2.15789473684211
0.111111111111111
0.892857142857143
0.0333333333333333
1.24390243902439
0.625
0.5
0.472222222222222
0.5
0.833333333333333
0.861111111111111
0.117647058823529
0.0434782608695652
0.416666666666667
0.666666666666667
1.77777777777778
0.0909090909090909
0.65
0.255813953488372
1.0952380952381
0.3
0.636363636363636
0.129032258064516
0.288135593220339
0.5
0.3
1
3.79166666666667
0.714285714285714
0.32258064516129
0.961538461538462
1.125
0.724137931034483
0.222222222222222
0.119047619047619
0.431818181818182
0.444444444444444
0.0909090909090909
0.95
0.277777777777778
0.142857142857143
0.115384615384615
0.371428571428571
0.606060606060606
0.111111111111111
0.0416666666666667
0
0.294117647058824
1.42857142857143
0.130434782608696
0
0.459459459459459
0.653846153846154
0.4375
0.0909090909090909
0.578947368421053
0.181818181818182
0.2
0.454545454545455
0.6875
0.0555555555555556
1.11627906976744
0.125
1.57446808510638
0.666666666666667
0.272727272727273
0.0625
1.50943396226415
0.58974358974359
0
1.1
0.25
0.1875
0.263157894736842
0.142857142857143
0.212121212121212
0.1875
0.0909090909090909
0.580645161290323
1.25
0.9
1.6
0.714285714285714
0.111111111111111
0.215686274509804
0.0526315789473684
0.2
0.0476190476190476
0.12
0.375
0.444444444444444
0.0689655172413793
0.0967741935483871
0.0645161290322581
0.7
0.384615384615385
0.111111111111111
1.1969696969697
0.9375
2.92
0.416666666666667
0.0789473684210526
1.14285714285714
0.863636363636364
0.0476190476190476
1
1.21428571428571
0.825
0.615384615384615
1.08333333333333
0.2
0.333333333333333
0.375
0.25
0.714285714285714
0.6
0.5
0.44
0.34
1.2
1.60714285714286
1.22222222222222
0.71875
0.818181818181818
0.870967741935484
1.05263157894737
0.85
1
1.53333333333333
0.851851851851852
2.17857142857143
0.214285714285714
1.29032258064516
0
0.526315789473684
0.155555555555556
0.0555555555555556
0.5
0.740740740740741
0.310344827586207
0.391304347826087
0
0.0625
0.0666666666666667
1.15789473684211
0.391304347826087
0.846153846153846
0.529411764705882
1.62222222222222
1.75862068965517
0.0833333333333333
1.66666666666667
0.0476190476190476
1.03703703703704
0.403846153846154
0.90625
1.26315789473684
2.58333333333333
0.222222222222222
1.625
0.785714285714286
1.0625
0.2
0.459459459459459
0.666666666666667
0.4375
0.269230769230769
0.607142857142857
0.0555555555555556
2.48484848484848
1.12903225806452
1.1025641025641
1.24390243902439
0.813953488372093
0.8125
1.57142857142857
0.896551724137931
0.86046511627907
0.121212121212121
0.0769230769230769
0.0689655172413793
0.730769230769231
0.611111111111111
0.5
0.433333333333333
0.775
0.888888888888889
1.52173913043478
1.28125
0.166666666666667
0.756756756756757
0.457142857142857
1.79411764705882
1.09677419354839
0.828571428571429
0.566666666666667
0.142857142857143
0.391304347826087
0.846153846153846
0.794117647058823
0.2
0.147058823529412
0.0666666666666667
1.04
0.588235294117647
0.0344827586206897
0.464285714285714
0.0526315789473684
1.65384615384615
0.2
1.23076923076923
2.67647058823529
0.222222222222222
0.230769230769231
0.135135135135135
0.0344827586206897
0.214285714285714
0.846153846153846
0.5
0.1875
0.727272727272727
2.5
0.814814814814815
0.6
1.12121212121212
0.658536585365854
0.444444444444444
0.277777777777778
1
0.933333333333333
1
0.5
0.5
0.46875
1.12820512820513
0.0952380952380952
0.535714285714286
0.551020408163265
0.15
0.0588235294117647
0.6875
0.764705882352941
0.333333333333333
0.666666666666667
0.952380952380952
0.607142857142857
0.384615384615385
2
1.93333333333333
0.25
2.7741935483871
1.42857142857143
1.78787878787879
1.48837209302326
1.85714285714286
0.166666666666667
0.714285714285714
2.14285714285714
1.14545454545455
0.957446808510638
1.25
0.0833333333333333
1.58620689655172
0.294117647058824
1.23255813953488
0.724137931034483
0.5
0.933333333333333
2.75
1.29787234042553
0.1
0.333333333333333
3
1.28571428571429
2
0.96
1.02777777777778
1.66666666666667
3.79166666666667
2.2258064516129
1.3125
0.684210526315789
1.77272727272727
0.345454545454545
0.769230769230769
2.26923076923077
1.18181818181818
0.6875
0.533333333333333
0.76
0.222222222222222
0.35
0.5
6.26666666666667
0.0434782608695652
0.840909090909091
0.08
0.833333333333333
0.466666666666667
0.0714285714285714
2.47368421052632
0.804878048780488
0
0.763636363636364
0.235294117647059
1.25
0.125
0.461538461538462
1
0.545454545454545
0.745762711864407
1.025
1.81818181818182
1.76190476190476
0.157894736842105
1.17307692307692
0.205128205128205
1.13432835820896
2.48888888888889
2.06521739130435
1.74074074074074
0.333333333333333
1
0.434782608695652
0.857142857142857
0.5
0.507462686567164
0.592592592592593
2.33333333333333
2.73809523809524
0.0344827586206897
0.566666666666667
0.615384615384615
1.13157894736842
0.103448275862069
0.304347826086957
1.59615384615385
0.333333333333333
0.636363636363636
0.714285714285714
0.297297297297297
1.04
0.916666666666667
0.32
1.38461538461538
0.454545454545455
0.466666666666667
1.83333333333333
1.26470588235294
1.70731707317073
0.153846153846154
0.0666666666666667
1.75
0.604651162790698
0.291666666666667
0.931818181818182
1.72340425531915
0.0344827586206897
0.52
1.72727272727273
0.857142857142857
1.34782608695652
0.444444444444444
0.75
0.535714285714286
1.67567567567568
0.0833333333333333
0.391304347826087
0.428571428571429
0.0909090909090909
0.0555555555555556
0.852941176470588
0.421052631578947
0.148148148148148
0.9
0.363636363636364
0.742857142857143
1.66666666666667
0.636363636363636
0.166666666666667
0.115384615384615
0.891891891891892
0.125
0.870967741935484
0.666666666666667
0.838709677419355
0.405405405405405
0.16
0.0277777777777778
1.54545454545455
1.0625
0.666666666666667
1.24242424242424
1.10526315789474
0.294117647058824
0.655172413793103
0.25
1.17391304347826
0.6
1.575
1.58974358974359
1.35714285714286
1.33333333333333
0.44
0.0769230769230769
0.0476190476190476
1
3.08333333333333
1.375
1.28301886792453
0.136363636363636
1.11538461538462
0.473684210526316
0.575757575757576
1.25
1.075
0.8375
1.06060606060606
1.3921568627451
0.826086956521739
1.04878048780488
0.518518518518518
1.33333333333333
0.895522388059702
1.59722222222222
1.4
0.829268292682927
1.76363636363636
1.54878048780488
1.71764705882353
1.19354838709677
1.19607843137255
1.59459459459459
1.05555555555556
0.842105263157895
1.4954954954955
1.33333333333333
1.25
0.5
0.869565217391304
1.14285714285714
2.79166666666667
0.857142857142857
0.25
0.3125
0.740740740740741
0.888888888888889
0.852941176470588
0.882352941176471
0.0666666666666667
0.891891891891892
0.0408163265306122
0.0555555555555556
0.34375
0.32258064516129
0.974358974358974
0.258620689655172
0.173913043478261
0.0526315789473684
0.363636363636364
0
1.48275862068966
1.39622641509434
0.16
2.41666666666667
0.193548387096774
0.222222222222222
0.411764705882353
0.333333333333333
0.266666666666667
0.758620689655172
0.25
1.75862068965517
0.655737704918033
0.896551724137931
1.19047619047619
2.14285714285714
1.58333333333333
0.333333333333333
1
0.981132075471698
1.86792452830189
0.666666666666667
2
1.375
0.652173913043478
1.3125
1.6
1.73529411764706
0.266666666666667
0.666666666666667
2.18918918918919
1.8780487804878
1.6875
1.03703703703704
0.647058823529412
1.18918918918919
0.888888888888889
0.512820512820513
0.25
1
0.96551724137931
0.0769230769230769
1.59574468085106
0.0526315789473684
0.0869565217391304
0.137931034482759
0.240740740740741
0.0769230769230769
0.08
0.186046511627907
1.24324324324324
0.621212121212121
0.0454545454545455
0.105263157894737
0.418604651162791
0.434782608695652
0.704545454545455
0.62962962962963
0.0714285714285714
2.57894736842105
1.14814814814815
1.84615384615385
0.821428571428571
1.28571428571429
1.09615384615385
1.42592592592593
0
0.05
1
0.96551724137931
0.166666666666667
0.885714285714286
1.59375
0.0285714285714286
0.19047619047619
2
1.08928571428571
1.28125
1.02325581395349
0.368421052631579
0.0625
0.150943396226415
0.459459459459459
0.216216216216216
0.0555555555555556
0.263157894736842
0.0526315789473684
0.956521739130435
1.64864864864865
1.08108108108108
0.428571428571429
0.758620689655172
0.324324324324324
0.311111111111111
0.6
0.761904761904762
2.33333333333333
0.548387096774194
0.285714285714286
1.66037735849057
0.545454545454545
0.673469387755102
0.75
0.740740740740741
0.863636363636364
1.12765957446809
0.115384615384615
1.0625
0.615384615384615
0.571428571428571
0.484848484848485
0.804878048780488
1
0.517241379310345
3.5
0
0.0625
0.2
1.23255813953488
1.20833333333333
1.41666666666667
0.05
0.707317073170732
0.878787878787879
0.407407407407407
1.11111111111111
1.24489795918367
0.454545454545455
0.565217391304348
0.302325581395349
0.230769230769231
0.2
1.33333333333333
0.133333333333333
0.0833333333333333
0.65
1
0.0526315789473684
0.0344827586206897
0.413793103448276
0.235294117647059
0.909090909090909
0.1
0
0.0689655172413793
0.0666666666666667
0.0869565217391304
0
0.612903225806452
1.59677419354839
1.55769230769231
0.205128205128205
1.04651162790698
0.594594594594595
1
0
0.566666666666667
0.789473684210526
0.435897435897436
0.666666666666667
0.0652173913043478
0.126760563380282
0.75
1.4
0.827586206896552
0.117647058823529
0.742857142857143
1.09090909090909
1.55263157894737
0.471698113207547
0.9
0.5
1.27160493827161
1.21276595744681
0.619047619047619
0.88
0.928571428571429
0.0526315789473684
0.625
2.16129032258065
1.04
0.0625
0.125
0.0625
0.18
1
0.556818181818182
0.642857142857143
1.38202247191011
0.222222222222222
0.704545454545455
0.545454545454545
0.0526315789473684
1
0.151515151515152
0.649484536082474
0.181818181818182
1.42857142857143
0.0196078431372549
0.230769230769231
0.181818181818182
1.16666666666667
0.28125
1.18518518518519
0.1
1
0.105263157894737
0.722222222222222
0.0285714285714286
0.866666666666667
1.07692307692308
0.2
1.13333333333333
0.588235294117647
0.433333333333333
0.730769230769231
2.89473684210526
0.481481481481481
1.53846153846154
0.818181818181818
1.09090909090909
1
1.62962962962963
1.63265306122449
0.491803278688525
1.45
2.13725490196078
0.782608695652174
0.129032258064516
1.11538461538462
0.862745098039216
1.25
1
0.103448275862069
1.66666666666667
0.3
0.227272727272727
1.68421052631579
1.75
1.54545454545455
0.307692307692308
1.4390243902439
1.43103448275862
0.594594594594595
1.95238095238095
0.923076923076923
0
0.416666666666667
0.754385964912281
0.024390243902439
0.04
1.4468085106383
0.625
1.18518518518519
3.05882352941176
0.625
1.07894736842105
0.521739130434783
0.574468085106383
1.31111111111111
0.578947368421053
1
1.8
0.681818181818182
1.11111111111111
0.0476190476190476
1.1
0.321428571428571
1.14893617021277
0.439393939393939
0.923076923076923
0
1.88888888888889
0.357142857142857
0.0555555555555556
1.03571428571429
1.12727272727273
0.15
0.742857142857143
0.466666666666667
0.684210526315789
0.235294117647059
0.05
0.5625
0.130434782608696
0.333333333333333
1.05555555555556
1.47619047619048
0
0.9375
1.51428571428571
0.08
0.0909090909090909
1.05263157894737
0.2
0.583333333333333
0.6
0.0689655172413793
1.43333333333333
0.2
0.91304347826087
0.7
2
0.909090909090909
0.826086956521739
0.6
1.25
0.8
0.103448275862069
0.5
0.4
0.5
0.565217391304348
0.1
0.276595744680851
1.60714285714286
0.542857142857143
0.0526315789473684
0.125
0.181818181818182
0.355555555555556
1.52631578947368
2.28571428571429
1.26666666666667
0.6875
0.2
0.862068965517241
1.125
1.2
1.52083333333333
1.14705882352941
0.448275862068966
1.30188679245283
1.06060606060606
3
1.08333333333333
0.742424242424242
0.551724137931034
1.75675675675676
1.90140845070423
0.827586206896552
1.44444444444444
0
2.4
0.357142857142857
1.42307692307692
0.407407407407407
0.673913043478261
1.21311475409836
0.888888888888889
1.80597014925373
1.04
0.647058823529412
0.375
0.0869565217391304
0.181818181818182
1.73076923076923
0.636363636363636
0.161290322580645
0.0571428571428571
1.42857142857143
0.907692307692308
0.714285714285714
1.3953488372093
0.25
0.285714285714286
1.45454545454545
1.29268292682927
1.375
1.8
1.3953488372093
1.26966292134831
1.4
1.48275862068966
1.14285714285714
0.933333333333333
1.02083333333333
1.11904761904762
0.777777777777778
0.928571428571429
0.0689655172413793
0.944444444444444
0.307692307692308
0.692307692307692
0.05
1.58695652173913
0.375
1.34042553191489
1.34117647058824
0.277777777777778
1.8936170212766
1.91428571428571
0.886792452830189
0.388888888888889
0.967741935483871
0.80952380952381
1.0625
0.978723404255319
0.171428571428571
1.28787878787879
0.780487804878049
0.533333333333333
1.28125
0.785714285714286
1.37142857142857
0.916666666666667
1.75862068965517
1.02222222222222
1.62068965517241
2
1.52941176470588
0.875
0.581818181818182
0.32258064516129
0.333333333333333
0.724137931034483
1.34210526315789
1.66666666666667
1.2
0.414634146341463
1.66216216216216
1.93548387096774
0.157894736842105
1.74626865671642
0.1
0.666666666666667
0.515151515151515
0.521739130434783
1.15625
0.973684210526316
1.75
1.36
0.823529411764706
1.8
0.7
0.611111111111111
0.346153846153846
0.685185185185185
1.74736842105263
0.632352941176471
0.117647058823529
0.547169811320755
0.573770491803279
0.857142857142857
0.736842105263158
0.3125
0.781818181818182
1.42
1.4375
0.394736842105263
0.722222222222222
1.59183673469388
0.692307692307692
1.52173913043478
0.607142857142857
2.6
1
1.96969696969697
1.24528301886792
0
0.523809523809524
1.15555555555556
0.0882352941176471
0.6
1.78181818181818
2.53191489361702
1.54545454545455
0.793103448275862
1.18518518518519
0.6
1.76315789473684
0.833333333333333
0.181818181818182
0.416666666666667
1.8
0.290322580645161
1.09090909090909
2.38095238095238
1.56410256410256
1.4
0.212121212121212
1.5
8.5
0.875
0.0967741935483871
0.428571428571429
0.285714285714286
1.92592592592593
0.307692307692308
0.916666666666667
1.08823529411765
0.612903225806452
1.31818181818182
0.944444444444444
0.142857142857143
2.42857142857143
0.645161290322581
1.34090909090909
