6.783597644710000207e-02
8.585858585120000053e-02
1.047008546930000006e-01
1.041666666599999971e-02
6.666666663999999687e-02
4.551728464370000214e-17
4.482758620539999822e-02
9.076923076220000386e-02
2.898550724509999996e-02
3.703703703289999705e-02
3.897435897280000089e-02
5.008354218389999802e-17
8.347031798830000251e-17
4.617604617389999694e-02
1.120370370130000069e-16
3.611111109699999963e-16
4.638752052379999796e-02
2.348283289430000073e-02
4.545454545250000172e-02
6.428571428260000664e-02
1.444692355670000074e-02
7.167277166759999559e-17
7.063796144009999722e-02
3.333333332670000010e-02
4.629629629499999732e-02
2.611111110400000145e-16
3.846153846010000321e-02
6.255274879240000297e-17
1.036062378060000067e-01
7.214988114470000102e-02
1.139649810269999924e-02
1.343621785399999949e-02
1.111111110739999991e-01
4.985754985569999798e-02
7.407407406579999409e-02
5.388888888670000099e-02
4.004273504109999848e-17
1.754385964819999907e-02
1.960784313609999913e-02
5.555555553699999954e-02
1.805995624240000139e-02
5.087719297990000306e-02
3.127036493870000082e-17
2.497506290689999880e-02
1.006734006540000021e-16
1.698412697879999997e-16
2.069028399060000162e-02
7.115009746210000652e-02
2.564102564040000171e-02
1.507936507709999874e-01
1.754385964819999907e-02
1.851851851800000170e-02
2.611111109879999800e-16
4.450165677449999940e-02
8.585858585120000053e-02
4.476005817180000318e-02
1.666666665830000005e-01
4.188034187930000235e-02
1.759916706129999869e-02
1.263227513070000048e-16
1.041666666629999932e-02
2.564102563909999993e-02
3.849952516470000303e-17
8.333333329170000692e-02
1.496643453029999904e-01
5.388888888460000026e-02
4.999999999750000257e-02
2.258147930110000062e-02
3.333333332999999926e-02
3.611111109699999963e-16
2.380952380779999961e-02
6.537236763210000495e-17
6.537236763210000495e-17
2.777777777550000105e-02
8.015873015489999309e-02
1.111111111069999942e-02
8.377425043489999945e-02
6.686507936059999830e-17
9.141414140570000043e-17
3.341582761010000041e-02
1.120370370240000067e-16
3.611111108799999896e-16
2.611111110400000145e-16
1.263227512929999917e-16
1.754385964869999842e-02
2.083333333199999943e-02
1.754385964819999907e-02
3.333333332670000010e-02
2.083333333199999943e-02
9.141414140570000043e-17
4.551728464559999828e-17
7.722832722229999988e-17
1.234567901190000011e-02
1.282051281999999938e-02
3.030303030029999831e-02
4.004273504109999848e-17
1.242424242310000010e-01
6.255274879240000297e-17
1.041666666599999971e-02
1.120370370240000067e-16
3.574469378939999855e-17
2.631578947299999943e-02
2.055555555120000070e-16
3.989389033279999719e-02
3.174603174449999732e-02
5.388888888670000099e-02
3.268507046219999712e-02
1.006734006630000052e-16
3.202078985609999734e-02
2.564102563909999993e-02
5.360623781389999704e-02
2.611111110400000145e-16
1.234567901190000011e-02
4.166666666149999865e-02
1.149425287320000010e-02
3.703703703499999778e-02
1.754385964819999907e-02
1.006734006540000021e-16
1.448412698200000072e-16
7.167277166759999559e-17
6.686507935640000423e-17
5.272904483150000242e-17
1.449275362259999991e-02
4.347826086769999987e-02
6.666666666130000030e-02
6.111111104539999839e-16
1.361594202839999934e-01
5.559151296849999846e-17
1.960784313609999913e-02
2.380952380609999836e-02
9.523809523470000427e-02
8.472222221679999443e-02
9.368191720610000162e-02
2.294382010070000061e-02
6.937602627019999468e-02
2.898550724509999996e-02
1.263227512929999917e-16
6.666666663329999945e-07
2.769747930969999883e-02
1.754385964819999907e-02
1.263227512929999917e-16
3.174603174449999732e-02
3.333333333249999947e-02
1.841986397449999965e-02
1.716026115560000120e-02
1.666666666579999859e-02
3.837535013900000153e-02
1.282051281999999938e-02
2.298850574550000136e-02
6.743295018929999773e-02
5.567022130179999419e-17
9.141414140570000043e-17
2.564102563909999993e-02
3.030303030029999831e-02
1.247402864270000071e-02
6.686507936059999830e-17
1.960784313490000069e-02
9.803921568340000225e-03
8.472222221679999443e-02
1.449275362190000083e-02
2.055555555120000070e-16
2.083333333070000112e-02
6.461538461290000646e-02
1.582583817449999958e-02
5.192005219310000252e-02
1.428710517720000080e-02
1.428710517720000080e-02
7.626821287589999332e-02
5.567022129890000591e-17
2.083333333070000112e-02
3.703703703600000341e-02
3.333333333170000051e-02
2.611111110400000145e-16
1.960784313609999913e-02
2.611111109879999800e-16
4.547341176660000186e-17
9.109305991189999769e-17
1.587301587230000033e-02
1.120370370130000069e-16
9.567901234219999829e-02
8.347031798830000251e-17
8.174430349529999973e-02
1.293847978090000017e-02
7.167277166759999559e-17
3.897945770459999848e-02
4.227053139919999952e-02
1.948972885229999924e-02
3.418949430800000133e-02
3.707095373619999863e-17
1.666666666579999859e-02
3.508771929639999815e-02
3.333333332999999926e-02
1.516168061069999955e-02
3.307003852050000026e-02
6.266339868520000308e-17
1.075268817169999953e-02
5.128205127419999815e-02
3.030303029749999849e-02
4.449808633420000020e-02
2.069028399060000162e-02
2.083333333269999851e-02
4.071969696850000209e-02
1.515151515080000004e-02
6.686507936059999830e-17
3.333333332999999926e-02
1.449275362259999991e-02
5.008354218389999802e-17
2.898550724509999996e-02
4.444444443849999982e-02
1.190476190429999928e-02
2.015432677999999880e-02
2.083333333199999943e-02
7.925823066600000411e-02
1.278919276039999949e-02
4.227053139919999952e-02
4.166666666490000115e-02
8.347031798830000251e-17
2.380952380900000151e-02
1.698412697879999997e-16
2.794078107770000055e-02
5.567022130179999419e-17
9.706959705560000429e-02
2.338217338049999872e-01
1.006734006630000052e-16
3.704688858239999737e-17
9.393939393059999587e-02
2.380952380779999961e-02
6.005398110509999748e-02
4.764093900839999884e-17
6.255274879240000297e-17
1.120370370130000069e-16
1.041666666599999971e-02
5.615942028749999759e-02
9.803921568340000225e-03
3.333333332670000010e-02
1.659578015450000055e-02
1.549055229359999966e-02
1.448412698200000072e-16
3.538632363679999893e-02
4.551728464370000214e-17
6.722222221949999965e-02
1.449275362259999991e-02
5.272904483150000242e-17
4.551728464559999828e-17
1.449275362259999991e-02
1.448412698200000072e-16
1.449275362259999991e-02
4.166666666490000115e-02
7.151042517099999772e-17
4.761904761219999671e-02
6.111111104539999839e-16
5.555555554629999782e-02
1.057590018590000014e-01
7.884979399859999571e-02
2.074074073649999905e-01
1.037614450140000033e-01
5.555555554629999782e-02
4.651087684789999982e-02
3.032159833540000179e-17
5.965595444170000011e-02
1.263227513070000048e-16
3.319156030889999776e-02
2.611111109879999800e-16
7.283240979760000067e-02
5.555555555249999666e-02
2.518899688660000136e-01
8.015873015489999309e-02
6.060606060059999661e-02
9.259259259000000852e-03
8.036595298920000408e-02
6.095842142209999953e-02
2.294382010070000061e-02
3.611111109699999963e-16
2.320580653830000006e-01
1.851851851749999889e-02
3.333333332670000010e-02
1.006734006630000052e-16
3.162431599729999959e-02
5.008354218630000255e-17
1.515151515080000004e-02
9.501537110020000232e-02
8.372183371480000118e-17
3.228046594780000288e-17
1.263227513070000048e-16
4.805996472489999782e-02
1.904761904709999926e-02
1.559666254920000043e-02
9.492867919219999875e-17
4.444444443849999982e-02
1.202729044769999950e-01
3.824082550759999978e-17
1.397039053890000021e-02
1.041470606599999987e-01
9.312169311909999914e-02
1.360544217629999948e-02
3.144654087990000207e-02
7.751937984320000051e-03
5.008354218630000255e-17
1.826709965819999932e-17
3.032159833540000179e-17
1.190476190429999928e-02
4.765646890019999832e-02
1.448412698020000010e-16
1.242424242310000010e-01
1.754385964730000025e-02
1.904761904709999926e-02
2.564102563909999993e-02
3.847263694080000285e-17
3.611991247989999876e-02
2.611111110400000145e-16
1.448412698200000072e-16
3.703703703499999778e-02
1.120370370240000067e-16
1.120370370240000067e-16
2.083333333199999943e-02
5.555555553699999954e-02
1.448412698200000072e-16
4.166666666149999865e-02
3.611991247989999876e-02
4.761904761219999671e-02
6.666666665999999852e-02
8.333333331249999365e-02
3.041910069790000295e-17
1.348259156399999881e-01
1.448412698200000072e-16
9.141414140570000043e-17
1.960784313609999913e-02
3.333333332670000010e-02
1.200980392079999959e-01
2.204669234539999995e-02
4.985754985569999798e-02
2.777777777310000071e-02
3.047921071110000144e-02
4.761904761219999671e-02
9.029978121789999229e-03
1.234567901190000011e-02
3.268507045840000208e-02
1.190476190450000075e-02
1.234567901190000011e-02
4.765646890019999832e-02
2.055555555120000070e-16
2.222222222149999871e-02
1.754385964819999907e-02
5.484133460939999804e-17
1.753540131830000001e-02
1.730668406570000026e-02
1.006734006630000052e-16
5.082070706919999958e-02
4.200268816939999733e-02
6.172839505939999721e-02
3.451012588709999817e-17
1.278919276039999949e-02
2.083333333199999943e-02
2.564102563909999993e-02
1.482840830599999882e-01
1.428710517720000080e-02
2.146899992130000059e-02
6.666666663999999687e-02
6.408085083660000625e-02
4.761904761559999921e-02
1.234567901190000011e-02
3.921568626989999778e-02
3.100775193730000157e-02
4.030865355370000236e-02
7.186948853100000312e-02
5.555555555249999666e-02
1.754385964819999907e-02
5.567022129890000591e-17
5.128205127419999815e-02
2.007223363979999953e-02
1.414141414020000098e-01
2.611111109879999800e-16
2.083333333070000112e-02
2.069028399060000162e-02
1.120370370240000067e-16
1.437675310040000060e-16
1.960784313609999913e-02
1.263227513070000048e-16
4.166666666410000219e-02
3.611111109699999963e-16
3.846153845860000170e-02
4.999999999750000257e-02
4.769119768679999880e-17
3.921568627219999825e-02
1.002551456579999992e-16
1.149425287320000010e-02
2.611111109879999800e-16
3.333333338329999950e-07
1.851851851800000170e-02
6.060606060059999661e-02
1.041666666599999971e-02
2.083333333290000172e-02
3.611991247989999876e-02
1.666666666579999859e-02
2.982797722559999906e-02
2.222222221930000158e-02
1.960784313609999913e-02
4.718402245070000217e-17
4.761904761219999671e-02
4.745651773739999885e-02
4.166666666539999703e-02
9.937414006950000267e-02
2.631578947299999943e-02
8.372183371480000118e-17
9.141414139810000354e-17
1.438361994240000032e-02
8.695652173529999640e-02
3.268507045840000208e-02
6.060606060329999656e-02
1.120370370240000067e-16
3.333333333170000051e-02
2.083333333199999943e-02
3.019775950500000125e-02
3.999999999840000292e-02
3.703703703289999705e-02
7.167277166759999559e-17
2.666666666560000079e-02
5.208333333170000329e-02
4.030865355370000236e-02
1.120370370130000069e-16
1.851851851749999889e-02
1.801801801750000168e-02
6.266339868520000308e-17
3.574469378819999937e-17
1.666666666579999859e-02
6.686507936059999830e-17
4.761904761219999671e-02
1.634253523109999856e-02
8.061730710749999418e-02
1.698412697879999997e-16
5.952380952169999961e-02
4.166666666410000219e-02
5.008354218630000255e-17
9.393939393059999587e-02
1.587301587150000137e-02
2.083333333199999943e-02
7.167277166279999885e-17
4.761904761219999671e-02
7.542735042550000046e-02
9.141414140570000043e-17
2.055555555120000070e-16
1.263227513070000048e-16
3.333333332670000010e-02
6.896551723900000430e-02
8.112373737130000595e-02
1.055555555419999958e-01
2.055555555120000070e-16
1.515151515080000004e-02
2.083333333199999943e-02
6.980332315999999671e-17
1.384873965479999948e-02
1.984126983550000001e-01
2.055555554780000034e-16
3.703703703289999705e-02
8.061295738090000153e-17
2.222222221930000158e-02
1.006734006630000052e-16
3.849952516330000296e-17
1.698412698120000080e-16
3.512506898909999870e-02
2.420634920070000029e-01
3.508771929460000050e-02
2.666666666560000079e-02
1.255596957610000082e-16
1.268566001850000013e-01
5.555555555319999922e-02
7.965686273569999587e-02
1.263227513070000048e-16
2.274252091469999848e-02
2.439024390180000168e-02
3.809523809410000211e-02
2.721088435320000165e-02
2.221257407219999827e-02
4.588764020149999762e-02
3.441295546470000272e-02
1.448412698200000072e-16
3.333333332670000010e-02
9.368191720089999452e-02
5.567022130179999419e-17
3.371647509350000210e-02
1.413592446140000125e-01
5.828028180800000346e-02
3.165167634899999916e-02
8.738306002460000110e-02
6.937602626779999782e-02
1.120370370240000067e-16
6.686507935640000423e-17
1.448412698200000072e-16
2.422288093480000138e-17
3.703703703289999705e-02
1.006734006630000052e-16
5.862977601850000164e-02
4.954771386949999995e-02
1.190476190429999928e-02
3.174603174300000274e-02
1.231781332150000061e-02
1.010101010069999923e-02
1.111111110859999973e-01
9.703568036550000442e-02
1.682946547299999990e-16
9.926470587640000287e-02
1.698412697879999997e-16
1.255224466620000028e-02
1.120370370130000069e-16
1.619883040779999950e-01
1.120370370240000067e-16
6.266339868889999492e-17
1.388888888829999980e-02
3.030303030029999831e-02
1.666666666579999859e-02
3.019860137420000065e-17
6.922162804310000306e-02
5.559151296849999846e-17
2.898550724509999996e-02
4.761904761219999671e-02
1.716026115560000120e-02
4.761904761219999671e-02
4.171497584370000256e-17
1.370965784770000057e-02
3.703703703289999705e-02
4.605158324510000289e-02
4.551728464559999828e-17
7.167277166759999559e-17
3.333333332999999926e-02
1.263227513070000048e-16
4.166666666149999865e-02
4.166666666149999865e-02
1.801801801750000168e-02
5.555555553699999954e-02
1.006734006540000021e-16
1.449275362259999991e-02
6.111111106570000258e-16
3.611111109699999963e-16
2.380952380779999961e-02
7.702780548539999857e-17
2.777777777550000105e-02
9.492867919219999875e-17
4.353315766169999992e-17
1.333333333280000040e-02
6.666666665329999686e-02
5.555555555249999666e-02
1.742979242719999988e-01
4.718402245070000217e-17
2.380952380779999961e-02
1.515151515080000004e-02
2.564102564040000171e-02
6.266339868889999492e-17
9.803921568340000225e-03
3.174603174449999732e-02
2.777777777550000105e-02
1.682946547299999990e-16
4.743647399599999759e-02
5.412186379750000276e-02
1.587301587230000033e-02
2.564102564040000171e-02
4.160069249110000256e-02
1.698412698120000080e-16
3.603603603509999975e-02
6.266339868889999492e-17
4.004273504109999848e-17
2.380952380869999843e-02
1.851851851800000170e-02
7.133838383620000334e-02
6.686507935640000423e-17
5.272904483150000242e-17
8.325020968970000407e-03
3.508771929460000050e-02
3.158602150439999978e-02
5.590190958909999758e-02
1.587301587230000033e-02
8.372183371480000118e-17
4.166666666559999677e-02
5.555555555089999875e-02
8.372183371480000118e-17
4.545454545250000172e-02
1.596000109340000098e-02
2.083333333199999943e-02
6.249999999610000162e-02
3.921568627339999669e-02
5.263157894460000069e-02
4.761904761449999718e-02
1.515151515009999922e-02
2.611111110400000145e-16
3.030303030029999831e-02
4.227053139740000187e-02
3.571428571299999771e-02
6.686507936059999830e-17
2.898550724509999996e-02
2.083333333070000112e-02
6.825396824929999551e-02
1.437675310040000060e-16
1.698412698120000080e-16
9.025641025290000174e-02
7.905982904750000206e-02
4.166666666319999990e-02
1.444692355670000074e-02
2.777777777699999909e-02
1.217086834699999953e-01
6.666666663999999687e-02
1.312324929939999996e-01
2.204669234539999995e-02
7.743589743289999716e-02
4.301075268679999813e-02
9.926470587640000287e-02
7.167277166279999885e-17
6.980332315999999671e-17
2.055555555120000070e-16
1.851851851749999889e-02
2.222222221930000158e-02
5.318394152750000048e-02
3.225806451510000034e-02
5.895969498560000364e-17
5.952380952169999961e-02
7.722832722229999988e-17
6.944444444160000063e-02
8.055555555229999831e-02
3.571428571299999771e-02
1.851851851749999889e-02
6.266339868520000308e-17
2.858699035089999774e-17
7.722832722229999988e-17
5.272904483150000242e-17
8.372183370839999731e-17
6.686507936059999830e-17
2.777777777550000105e-02
4.171497584370000256e-17
4.529529529410000060e-02
1.038401043629999937e-01
7.326007324949999899e-02
2.181818181609999907e-01
3.174603174300000274e-02
5.555555555089999875e-02
2.055555555120000070e-16
1.851851851749999889e-02
6.666666666329999769e-02
8.347031798830000251e-17
1.303418803220000033e-01
1.037614450140000033e-01
3.611111109699999963e-16
8.585858585120000053e-02
1.309523809189999943e-01
3.559310292620000010e-02
1.226261285740000012e-01
9.999999998000000390e-02
9.511289251359999683e-03
1.448412698020000010e-16
1.507936507709999874e-01
2.777777777550000105e-02
1.430127891780000049e-01
3.369614774779999822e-02
2.166666666189999979e-01
1.318082788599999888e-01
1.309523809350000012e-01
7.516339868860000273e-02
9.368191720089999452e-02
1.991576962770000014e-01
1.698412698120000080e-16
2.721445221220000210e-01
4.761904761559999921e-02
5.567022130179999419e-17
1.006734006630000052e-16
3.124999999799999914e-02
2.564102563709999907e-02
1.659578015450000055e-02
1.268203187639999896e-01
5.255329978880000225e-02
1.619281045650000084e-01
1.851851851800000170e-02
9.782608695239999874e-02
1.120370370240000067e-16
1.388888888829999980e-02
1.062378167529999945e-01
1.278919276039999949e-02
9.579831932500000591e-02
7.965686274029999681e-02
6.783597644710000207e-02
9.368191720610000162e-02
2.564102563709999907e-02
7.516339868860000273e-02
3.333333332670000010e-02
1.388888888829999980e-02
9.141414140570000043e-17
5.072781756240000300e-02
6.666666665999999852e-02
2.375972134050000073e-02
1.114794367400000066e-16
1.111111111069999942e-02
1.698412698120000080e-16
1.698412698120000080e-16
3.611991247989999876e-02
2.083333333269999851e-02
7.215947405170000661e-02
5.567022130179999419e-17
9.141414140570000043e-17
2.222222221930000158e-02
1.851851851749999889e-02
5.272904483150000242e-17
4.551728464559999828e-17
1.120370370240000067e-16
2.359088242260000065e-02
1.448412698200000072e-16
2.055555555120000070e-16
1.263227513070000048e-16
1.698412698120000080e-16
3.333333332670000010e-02
5.272904482889999700e-17
7.502374168759999573e-02
3.703703703289999705e-02
4.171497584370000256e-17
4.998893129510000033e-02
7.087122264069999761e-03
3.611111108799999896e-16
1.448412698020000010e-16
2.564102563909999993e-02
1.333333333280000040e-02
1.187986067030000030e-02
3.489326764950000104e-02
7.167277166279999885e-17
7.167277166759999559e-17
8.372183370839999731e-17
9.492867919219999875e-17
1.851851851749999889e-02
1.302422723409999983e-01
9.163059162639999866e-02
5.128205127810000347e-02
1.175438596430000010e-01
7.004830917580000260e-02
4.444444444150000284e-02
7.004830917580000260e-02
6.892453951070000306e-02
1.055555555419999958e-01
6.060606060059999661e-02
6.461538461290000646e-02
6.722222221949999965e-02
6.666666665999999852e-02
5.272904483150000242e-17
2.777777777659999961e-02
8.372183371480000118e-17
2.055555554780000034e-16
5.193439936529999773e-02
6.340977195850000525e-02
6.249999999220000324e-02
2.380952380609999836e-02
9.706959706249999875e-02
1.515151515080000004e-02
9.097169506459999722e-02
7.017543859279999630e-02
1.666666666579999859e-02
1.448412698020000010e-16
8.823660275960000521e-02
1.526416121829999861e-01
1.991452991369999925e-01
1.515873015679999880e-01
1.515151515009999922e-02
1.062378167579999949e-01
2.204669234700000133e-02
9.999999990560000107e-01
1.139649810269999924e-02
4.409338469069999655e-02
1.851851851650000019e-02
9.926470587640000287e-02
3.220349988199999736e-02
4.962016610670000327e-02
4.301075268679999813e-02
1.454437049269999976e-02
2.069028399060000162e-02
1.234567901190000011e-02
6.537014091680000416e-02
3.333333332670000010e-02
8.015873015489999309e-02
2.298850574630000032e-02
7.167277166759999559e-17
4.545454545040000099e-02
3.703703702879999893e-02
1.089371980629999931e-01
3.448275861950000215e-02
3.333333332999999926e-02
1.200980392079999959e-01
8.389472985710000330e-02
1.709401709359999882e-02
1.491398861200000057e-02
7.133838383620000334e-02
8.347031798830000251e-17
5.008354218389999802e-17
1.349206349119999870e-01
5.008354218630000255e-17
2.181818181609999907e-01
5.555555553699999954e-02
2.777777777550000105e-02
1.303418803220000033e-01
2.494805728540000142e-02
1.515151515080000004e-02
9.523809521090000063e-02
5.555555555089999875e-02
3.703703703499999778e-02
4.761904761679999765e-02
1.237816764069999964e-01
7.647058823089999957e-02
1.202729044710000028e-01
3.225806451510000034e-02
1.255596957610000082e-16
1.089502348780000025e-02
6.266339868889999492e-17
8.015873015489999309e-02
5.862977601850000164e-02
5.002559928209999879e-17
5.263157894460000069e-02
7.722832722229999988e-17
1.333333333280000040e-02
1.234567901190000011e-02
1.120370370240000067e-16
1.851851851749999889e-02
3.347831060099999700e-02
8.372183371480000118e-17
2.501042318050000035e-17
8.567034184730000501e-02
3.611991247989999876e-02
2.164889347320000101e-01
6.039551901000000250e-02
1.851851851749999889e-02
1.208791208699999953e-01
5.072781756240000300e-02
5.555555555249999666e-02
1.373188405740000118e-01
9.999999999000000472e-02
4.761904761219999671e-02
7.516339868860000273e-02
1.515151515080000004e-02
1.211111111059999940e-01
9.259259258740000498e-02
3.333333332999999926e-02
2.611111110400000145e-16
1.465201465089999988e-01
3.030303030169999995e-02
1.234567901190000011e-02
5.008354218630000255e-17
4.066938327800000141e-02
5.742296918439999953e-02
1.754385964819999907e-02
3.508771929639999815e-02
5.788177339699999979e-02
2.222222221930000158e-02
3.333333333220000333e-02
2.294382010070000061e-02
5.241935483710000176e-02
6.666666665779999446e-02
4.931669637410000112e-02
8.993386135629999334e-02
8.771929823639999790e-02
5.128205127810000347e-02
3.703703703499999778e-02
4.545454545040000099e-02
8.591992802299999732e-02
3.220349988199999736e-02
4.047206265639999995e-02
2.083333333199999943e-02
5.272904482889999700e-17
6.266339868889999492e-17
4.761904761219999671e-02
1.436324786210000093e-01
1.045818691520000038e-01
1.263227513070000048e-16
3.703703703289999705e-02
4.761904761679999765e-02
2.898550724509999996e-02
2.020202020139999846e-02
1.365079364990000044e-01
1.120370370240000067e-16
9.141414139810000354e-17
9.325056137079999752e-02
3.030303029749999849e-02
2.380952380779999961e-02
9.047619046999999526e-02
5.666066460040000002e-02
5.796385955859999684e-17
2.371823699920000070e-02
4.166666666149999865e-02
4.976396581880000031e-02
1.515151515119999952e-02
9.523809523540000682e-03
6.673185001319999853e-17
1.149425287320000010e-02
7.702780548539999857e-17
1.388888888829999980e-02
4.347826086769999987e-02
9.141414140570000043e-17
3.044288768700000036e-02
2.779207779060000058e-17
1.282051281999999938e-02
1.948972885229999924e-02
4.841269841040000271e-02
1.851851851650000019e-02
3.489326765069999947e-02
4.166666666410000219e-02
4.413702239589999826e-02
1.006734006630000052e-16
3.354700854619999811e-02
3.461336813129999718e-02
3.897435897129999938e-02
7.142857142349999522e-02
3.703703703289999705e-02
7.965686274029999681e-02
1.540811339150000014e-01
1.256038647290000088e-01
4.444444444150000284e-02
2.033535376960000059e-16
1.263227513070000048e-16
1.170924488679999931e-01
3.485958485699999776e-01
1.309523809350000012e-01
2.490740740469999936e-01
2.083333333070000112e-02
9.863339274809999890e-02
9.141414139810000354e-17
8.015873015489999309e-02
6.092171716989999708e-02
3.703703703289999705e-02
4.030865355370000236e-02
6.260801980919999954e-02
5.200086561390000056e-02
8.333333333070000459e-02
3.703703703570000033e-02
3.268507045840000208e-02
1.377397910679999948e-01
1.071607222370000029e-01
2.564102563909999993e-02
4.166666666149999865e-02
6.111111106570000258e-16
5.008354218630000255e-17
4.166666666580000344e-02
2.564102563909999993e-02
2.222222222069999975e-02
1.126984126880000020e-01
5.714285713960000346e-02
2.985547126519999886e-02
6.162375065879999864e-02
9.948555609959999768e-02
5.882352940829999738e-02
5.050505050199999985e-02
4.985754985569999798e-02
8.367433549840000429e-02
2.564102563709999907e-02
1.904761904650000004e-02
7.608118235050000122e-02
1.448412698020000010e-16
1.229885057430000067e-01
1.278082730539999989e-01
1.481481481449999950e-02
5.424781392070000124e-02
5.615942028749999759e-02
1.698412698120000080e-16
5.555555555089999875e-02
1.234567901190000011e-02
6.172839505720000008e-02
1.120370370240000067e-16
6.666666665779999446e-02
9.183760683399999625e-02
5.021367521239999965e-02
2.342473761470000027e-02
5.241935483710000176e-02
5.263157894460000069e-02
4.030865355370000236e-02
3.333333332999999926e-02
6.092171716989999708e-02
1.698412697879999997e-16
7.232232231839999526e-02
3.703703703289999705e-02
5.996472662920000057e-02
4.166666665629999849e-02
7.942152678779999808e-02
6.060606060059999661e-02
6.256700623960000096e-02
9.523809522449999676e-02
4.476005817180000318e-02
5.538386580989999863e-02
7.722832722229999988e-17
6.686507936059999830e-17
3.921568627219999825e-02
4.999999999750000257e-02
3.611111109699999963e-16
1.875823191559999881e-01
2.298850574630000032e-02
7.167277166759999559e-17
3.703703703430000216e-02
4.226410730719999675e-02
1.340589143330000114e-16
6.754385964570000511e-02
1.241702741640000052e-01
5.567022130179999419e-17
5.128205127419999815e-02
6.325313144939999355e-02
2.777777777310000071e-02
5.882352940829999738e-02
9.090909090080000199e-02
2.222222221930000158e-02
5.179487179290000187e-02
9.523809521090000063e-02
1.843711843580000120e-01
2.325581395289999867e-02
4.761904761219999671e-02
5.255329978880000225e-02
3.415210297429999847e-02
8.380294720240000217e-02
2.631578947299999943e-02
7.475530498620000519e-02
1.613965744330000118e-01
4.227053139919999952e-02
1.726190475749999897e-01
2.611111109879999800e-16
4.638752052220000005e-02
3.418803418719999765e-02
3.508771929639999815e-02
1.587301587230000033e-02
9.236453201649999500e-02
1.449275362259999991e-02
8.513091846110000527e-02
3.805496828669999859e-02
1.333333333229999931e-02
8.111111110780000466e-02
2.272727272679999841e-02
3.333333332999999926e-02
5.365482302820000216e-02
2.885154061540000023e-02
4.166666666149999865e-02
7.064959696349999707e-02
4.597701149269999704e-02
5.272904483150000242e-17
1.002551456579999992e-16
1.263227513070000048e-16
1.355918658120000009e-01
1.263227513070000048e-16
1.878588879800000000e-02
5.333333333120000158e-02
2.858699035089999774e-17
3.228046594780000288e-17
3.703703703499999778e-02
1.608885017339999890e-01
1.053221288489999963e-01
5.895969498230000126e-17
1.007716339080000009e-02
2.173913043379999827e-02
1.777777777460000097e-01
2.145363408310000108e-01
4.597701149269999704e-02
4.166666666490000115e-02
8.421516754549999983e-02
8.637992831259999615e-02
1.777777777160000072e-01
3.859725249649999940e-02
5.203174819890000047e-17
3.818812577729999721e-17
6.666666666329999769e-02
5.797101449019999991e-02
3.707095373619999863e-17
9.025641025290000174e-02
4.529663925750000014e-02
7.722832721680000002e-17
1.055555555489999936e-01
3.158602150439999978e-02
9.281529447649999875e-02
1.515151515009999922e-02
6.283602150339999415e-02
1.092764591100000016e-01
1.682946547299999990e-16
2.076802088000000157e-02
7.561966286630000134e-17
2.033535376960000059e-16
2.083333333269999851e-02
7.454890787949999820e-02
2.211625215840000089e-02
1.491398861299999927e-02
2.083333333199999943e-02
1.448412698020000010e-16
3.334688582669999984e-02
7.692307692010000308e-02
6.686507936059999830e-17
2.172286769350000035e-02
2.777777777659999961e-02
4.055555555390000233e-02
3.640055706979999917e-01
3.268507046349999889e-02
3.030303030169999995e-02
3.220548906690000324e-02
2.069028399060000162e-02
2.564102563999999876e-02
2.564102563709999907e-02
6.346213611779999431e-02
7.839753623259999860e-02
5.281579298280000140e-02
4.251474234290000126e-02
1.234567901209999985e-02
1.388888888829999980e-02
1.407004830860000000e-01
6.016903731130000127e-02
3.654100529039999712e-02
3.268507045840000208e-02
3.225806451510000034e-02
1.341066341019999941e-01
6.266339868889999492e-17
7.167277166759999559e-17
1.985405466309999867e-01
1.698412698120000080e-16
3.371647509459999720e-02
4.200268817069999910e-02
9.047619046999999526e-02
1.444692355670000074e-02
4.166666666149999865e-02
1.437675310040000060e-16
1.634253523109999856e-02
2.222222222069999975e-02
3.030303030029999831e-02
5.555555555089999875e-02
9.029978121789999229e-03
1.515151515080000004e-02
1.333333333280000040e-02
4.925711828950000287e-02
3.225806451510000034e-02
1.626016260120000112e-02
1.384873965479999948e-02
9.183760683399999625e-02
5.577292209319999888e-02
1.148667490590000034e-01
4.301075268679999813e-02
3.603603603509999975e-02
1.073449996070000023e-02
3.703703703499999778e-02
1.666666666579999859e-02
2.898550724509999996e-02
3.171739551160000087e-02
4.569885949389999868e-02
3.174603174449999732e-02
3.492122754620000102e-02
6.231521797439999732e-02
7.723664072869999841e-03
2.702702702629999898e-02
2.083333333199999943e-02
8.333333331249999365e-02
2.056135082399999925e-01
4.127388087400000322e-02
2.628660748820000129e-02
8.856231487650000067e-02
3.846153846079999883e-02
4.146823868030000138e-02
1.724479716700000091e-17
2.437343358159999862e-01
1.157407407269999966e-01
4.629629629499999732e-02
2.631313131079999756e-01
6.060606059499999698e-02
1.608398788060000084e-01
8.347031798830000251e-17
1.873850445069999981e-01
4.474196583599999999e-02
6.115046299759999832e-02
1.169446624339999935e-01
4.949137037649999937e-17
1.899533898850000110e-02
1.666666666579999859e-02
6.279550827289999415e-02
9.523809521090000063e-02
3.703703703289999705e-02
1.731230798739999965e-01
8.130081300420000448e-03
2.150537634339999907e-02
4.548504182930000056e-02
7.609172634359999410e-02
9.627271492849999446e-02
8.240977550320000011e-02
6.679739088720000606e-02
1.276440695859999974e-01
1.698412697879999997e-16
1.010800069059999973e-01
1.709401709309999948e-02
6.666666665329999686e-02
2.055555555120000070e-16
5.555555554629999782e-02
4.047900450690000013e-02
2.426476978049999997e-02
9.523809523540000682e-03
7.231040564110000068e-02
1.120370370240000067e-16
4.085365853560000288e-02
1.754385964819999907e-02
7.905982905359999757e-02
8.472222221679999443e-02
1.126984126910000050e-01
5.555555555089999875e-02
8.585858585120000053e-02
3.571428571299999771e-02
1.282051281999999938e-02
7.407407406579999409e-02
3.563958201080000276e-02
1.698412698120000080e-16
4.718402245070000217e-17
4.552691260499999726e-02
1.002551456579999992e-16
2.222222221930000158e-02
4.353315765989999806e-17
3.333333338329999950e-07
3.418803418719999765e-02
2.611111109879999800e-16
1.515151515080000004e-02
9.141414140570000043e-17
1.111111111069999942e-02
5.664488017109999690e-02
1.149425287320000010e-02
4.841269841040000271e-02
2.439024390180000168e-02
1.509887975250000063e-02
5.895969498230000126e-17
4.548504182100000098e-02
3.380538336729999732e-02
3.174603174530000321e-02
4.166666666149999865e-02
3.228046594880000117e-17
2.611111109879999800e-16
6.666666663329999945e-07
1.437675310040000060e-16
3.333333332999999926e-02
5.128205127419999815e-02
4.217570713060000281e-02
6.666666665999999852e-02
2.055555555120000070e-16
2.777777777310000071e-02
5.208333333170000329e-02
2.222222221930000158e-02
5.272904483150000242e-17
3.706576249189999848e-16
4.769119768890000200e-17
4.761904760539999865e-02
4.330815501370000042e-02
3.333333332999999926e-02
1.698412697879999997e-16
1.242424242199999945e-01
1.119047618940000044e-01
1.006734006630000052e-16
4.166666666490000115e-02
7.017543859279999630e-02
1.742979242849999888e-01
6.249999999610000162e-02
2.145195928030000088e-01
1.448412698200000072e-16
4.718402245070000217e-17
1.111111110369999988e-01
1.646549927000000024e-01
1.388888888829999980e-02
7.167277166279999885e-17
1.276419276380000023e-01
3.508771929730000044e-02
1.047008546930000006e-01
5.263157894460000069e-02
1.698412698120000080e-16
9.109305991189999769e-17
2.611111109879999800e-16
5.879395537300000351e-17
7.722832722229999988e-17
1.309523809189999943e-01
2.564102563909999993e-02
2.380952380779999961e-02
2.777777777699999909e-02
6.666666663999999687e-02
4.761904760539999865e-02
3.703703703620000315e-02
2.536390878120000150e-02
6.060606060059999661e-02
4.171497584200000115e-17
2.564102563709999907e-02
5.895969498560000364e-17
1.234567901190000011e-02
5.886681528490000230e-17
1.587301587230000033e-02
1.515151515080000004e-02
3.611111109699999963e-16
2.564102563909999993e-02
6.111111104539999839e-16
3.333333332999999926e-02
5.895969498560000364e-17
2.055555555120000070e-16
4.764093900839999884e-17
2.611111109879999800e-16
1.448412698200000072e-16
5.567022129890000591e-17
2.564102563909999993e-02
1.037833048720000002e-16
1.139649810269999924e-02
6.984245509240000205e-02
2.611111110400000145e-16
7.326007325470000608e-02
3.611111108799999896e-16
1.120370370240000067e-16
6.038251366019999761e-02
4.166666666149999865e-02
7.722832722229999988e-17
4.166666666149999865e-02
3.836757828120000019e-02
6.537236763210000495e-17
1.120370370240000067e-16
9.141414140570000043e-17
1.075268817130000006e-02
4.769119768890000200e-17
1.812530122499999944e-17
2.380952380609999836e-02
1.111111111069999942e-02
2.083333333070000112e-02
4.171497584370000256e-17
2.298850574550000136e-02
6.084139738390000052e-02
3.448275861950000215e-02
6.980332315999999671e-17
7.722832721680000002e-17
3.888888887310000264e-01
1.851851851650000019e-02
1.449275362259999991e-02
1.754385964819999907e-02
5.567022130179999419e-17
1.333333333280000040e-02
2.055555555120000070e-16
3.448275861950000215e-02
8.341679006949999364e-02
2.741931569280000106e-02
5.043003526470000303e-02
4.154621896449999657e-02
2.611111110400000145e-16
4.166666666410000219e-02
5.299539170419999973e-02
3.846153846010000321e-02
3.580323310329999731e-02
4.985754985379999699e-02
8.407852811009999816e-02
4.761904761219999671e-02
8.333333331249999365e-02
1.666666665830000005e-01
3.703703703499999778e-02
3.333333333170000051e-02
9.392944399000000000e-03
2.015432677999999880e-02
1.698412698120000080e-16
1.587301587150000137e-02
4.761904761219999671e-02
5.548666009920000253e-02
2.380952380869999843e-02
3.333333333170000051e-02
8.547008546790000466e-03
6.111111104539999839e-16
1.437675310040000060e-16
3.849952516470000303e-17
6.266339868520000308e-17
3.703703702879999893e-02
3.703703703289999705e-02
2.632794737990000154e-17
1.448412698200000072e-16
3.174603174449999732e-02
1.114794367400000066e-16
1.120370370130000069e-16
4.769119768890000200e-17
1.359240400639999923e-02
2.325581395289999867e-02
6.686507936059999830e-17
8.061295738090000153e-17
1.960784313609999913e-02
1.002551456579999992e-16
2.982797722079999839e-02
5.008354218389999802e-17
3.333333336670000132e-07
3.611111108799999896e-16
2.982797722079999839e-02
1.002551456579999992e-16
4.004273504109999848e-17
5.272904483150000242e-17
7.167277166279999885e-17
2.941176470499999931e-02
6.686507935640000423e-17
3.333333338329999950e-07
1.246757466609999959e-16
3.333333332999999926e-02
3.333333336670000132e-07
3.921568627219999825e-02
2.564102563999999876e-02
6.686507936059999830e-17
5.925925925790000159e-02
3.174603174300000274e-02
4.523550474960000289e-02
4.632874878720000256e-02
2.898550724569999917e-02
4.761904761219999671e-02
7.326007325470000608e-02
2.222222222119999910e-02
5.128205128070000007e-02
7.732790085509999578e-02
1.157407407269999966e-01
6.754385964570000511e-02
5.128205127419999815e-02
3.703703703600000341e-02
3.333333333249999947e-02
5.797101448769999971e-02
2.587695956180000034e-02
4.761904761730000046e-02
3.824082550759999978e-17
4.071969696720000031e-02
4.504504504379999719e-02
2.777777776300000001e-01
8.333333331249999365e-02
2.587695956180000034e-02
2.889384711350000134e-02
5.128205127810000347e-02
6.666666665329999686e-02
6.928791138959999873e-02
1.851851851749999889e-02
6.266339868520000308e-17
6.666666665329999686e-02
1.203328834880000031e-01
7.702780548539999857e-17
4.385964912169999785e-02
1.211110449129999961e-01
4.883449883050000051e-01
6.892453950870000567e-02
2.434879934789999922e-01
3.093433135659999847e-02
8.015873015110000499e-02
4.166666666149999865e-02
1.350877192909999969e-01
1.515151515080000004e-02
7.181571815550000237e-02
7.647907647210000492e-02
3.720538720460000309e-02
2.055555554780000034e-16
5.952380951959999889e-02
6.537014091680000416e-02
7.794871794570000512e-02
1.190476190389999980e-02
4.949453527429999861e-02
3.030303030209999943e-02
2.150537634339999907e-02
1.048575793009999951e-01
1.255596957610000082e-16
7.905982904750000206e-02
3.158602150439999978e-02
2.564102563709999907e-02
1.754385964819999907e-02
1.006734006540000021e-16
1.698412698120000080e-16
5.567022130179999419e-17
3.225806451510000034e-02
1.093471479469999980e-01
9.803921568340000225e-03
6.825396824929999551e-02
9.971509971139999595e-02
7.454890787949999820e-02
2.985720131550000100e-02
9.523809522449999676e-02
2.666666666560000079e-02
3.030303029749999849e-02
4.138233259590000145e-17
2.469135802380000022e-02
5.272904482889999700e-17
1.075268817130000006e-02
1.255596957610000082e-16
8.998452546090000143e-03
9.259259259000000852e-03
6.255274879240000297e-17
5.272904483150000242e-17
1.851851851650000019e-02
1.682946547299999990e-16
1.278919276039999949e-02
4.444444444299999741e-02
1.147191005040000024e-02
1.448412698200000072e-16
1.293847978090000017e-02
5.483863138560000211e-02
5.555555553699999954e-02
5.506935506630000060e-02
1.282051281950000003e-02
5.050505050350000136e-02
3.472222222150000287e-02
5.593869731610000284e-02
4.040404040279999692e-02
5.388888888670000099e-02
8.333333329170000692e-02
3.561517113709999904e-02
5.128205127810000347e-02
1.754385964869999842e-02
7.722832722229999988e-17
2.380952380900000151e-02
4.334077067020000035e-02
1.666666666579999859e-02
7.167277166759999559e-17
4.166666666580000344e-02
9.259259259000000852e-03
2.777777777550000105e-02
7.167277166759999559e-17
2.380952380779999961e-02
2.083333333199999943e-02
6.487455196920000056e-02
2.380952380869999843e-02
7.722832721680000002e-17
1.120370370240000067e-16
2.380952380869999843e-02
4.413702239589999826e-02
4.166666665629999849e-02
6.249999999610000162e-02
4.166666666490000115e-02
7.575757575589999945e-03
7.167277166759999559e-17
3.611111109699999963e-16
5.272904483150000242e-17
5.087719297990000306e-02
1.851851851800000170e-02
4.171497584200000115e-17
3.574469378819999937e-17
4.985754985569999798e-02
8.799583530629999720e-03
1.010800069059999973e-01
4.938271604850000274e-02
9.047619046999999526e-02
1.027667984139999935e-01
2.181818181609999907e-01
6.521362303909999936e-02
4.852953956089999660e-02
9.090909090630000522e-02
1.559666254920000043e-02
1.984126983550000001e-01
2.359088242260000065e-02
1.387589126479999990e-01
8.080808080319999698e-02
3.030303030029999831e-02
1.698412698120000080e-16
7.905982905359999757e-02
2.741931569280000106e-02
5.555555553699999954e-02
6.666666663999999687e-02
5.310573731490000199e-02
4.085365853560000288e-02
8.372183370839999731e-17
8.869395711029999518e-02
1.255596957610000082e-16
3.707095373489999900e-17
1.481481481419999989e-02
2.048329601449999995e-02
3.451012588820000307e-17
7.214988114470000102e-02
1.006734006630000052e-16
4.547341176660000186e-17
4.347826086769999987e-02
5.128205128010000086e-02
1.958046938220000047e-02
1.734305450140000149e-02
6.255274879240000297e-17
2.536390878120000150e-02
4.171497584200000115e-17
1.123188405749999952e-01
6.666666666329999769e-02
4.349463471669999721e-17
7.167277166279999885e-17
3.030303030029999831e-02
8.472222221679999443e-02
5.567022130179999419e-17
4.405440699410000105e-02
4.409338469069999655e-02
7.102272727059999458e-02
1.067821067769999938e-01
3.703703703499999778e-02
1.851851851749999889e-02
1.801801801750000168e-02
2.898550724509999996e-02
2.222222222169999845e-02
1.075268817169999953e-02
1.716026115560000120e-02
1.619281045650000084e-01
2.222222221930000158e-02
4.347826086769999987e-02
4.275655989410000191e-02
7.743589743289999716e-02
6.666666663999999687e-02
1.122605363949999990e-01
6.283602150339999415e-02
3.999999999840000292e-02
1.841986397449999965e-02
2.294382010070000061e-02
1.190476190429999928e-02
1.904761904709999926e-02
9.803921568340000225e-03
8.122374280489999196e-03
3.030303030029999831e-02
1.984126983829999913e-01
1.558519982369999946e-01
3.030303029749999849e-02
6.461538461290000646e-02
6.340977196129999639e-03
1.010101010069999923e-02
5.046311587260000203e-02
9.259259259000000852e-03
5.179487179290000187e-02
1.234567901190000011e-02
1.120370370130000069e-16
5.582010581849999875e-02
3.399571400620000211e-02
3.261648745410000022e-02
2.083333333269999851e-02
6.654834912149999726e-02
5.555555553699999954e-02
5.002559928209999879e-17
5.330363860910000001e-02
3.225806451510000034e-02
2.157407407170000013e-01
2.150537634339999907e-02
5.996472662920000057e-02
7.407407407239999936e-03
8.582502768350000477e-02
4.227053139919999952e-02
1.388888888829999980e-02
4.336917562439999985e-02
6.537236763210000495e-17
2.941654421869999857e-17
4.200268817069999910e-02
1.388888888770000059e-02
1.120370370240000067e-16
3.366907030619999824e-02
4.001256503109999932e-17
1.006734006630000052e-16
7.167277166759999559e-17
1.149425287280000062e-02
3.418803418719999765e-02
4.927125328600000242e-02
4.761904761559999921e-02
2.150537634269999998e-02
8.547008546790000466e-03
4.166666666149999865e-02
6.266339868889999492e-17
7.004830917580000260e-02
2.055555555120000070e-16
1.448412698200000072e-16
5.985622106929999742e-02
3.228046594880000117e-17
3.703703703499999778e-02
5.555555555319999922e-02
4.461279461179999684e-02
7.115009746210000652e-02
7.905982905359999757e-02
2.380952380609999836e-02
6.686507936059999830e-17
5.008354218630000255e-17
9.823260412480000481e-02
1.666666666579999859e-02
1.228260869469999933e-01
3.250997186619999924e-01
4.430687198519999966e-17
1.899533898850000110e-02
6.111111104539999839e-16
1.866520335839999892e-02
2.055555554780000034e-16
8.377425043790000248e-02
3.508771929730000044e-02
2.055555555120000070e-16
4.166666666149999865e-02
7.702780548539999857e-17
6.683501683350000222e-02
7.761726042729999442e-02
3.849952516330000296e-17
1.120370370130000069e-16
3.609649972879999669e-02
2.380952380609999836e-02
2.388102388040000135e-01
2.777777777659999961e-02
1.021408451820000063e-01
1.883726975580000129e-01
2.002801660150000107e-01
1.930216802080000071e-01
1.448412698020000010e-16
3.333333336670000132e-07
2.055555555120000070e-16
2.234456364790000094e-01
1.834397863090000136e-01
1.027667984099999987e-01
4.444444444150000284e-02
5.847564296769999781e-02
5.862977601600000144e-02
1.282051281950000003e-02
5.555555555089999875e-02
1.214370135210000035e-01
2.396686159720000098e-01
1.650517589519999995e-01
3.030303029749999849e-02
5.008354218630000255e-17
4.631252575889999862e-02
2.222222221930000158e-02
2.777777777550000105e-02
1.587301587230000033e-02
1.037833048720000002e-16
3.611111109699999963e-16
2.564102563709999907e-02
6.754385964570000511e-02
2.779207779129999754e-17
5.008354218630000255e-17
7.325268816749999634e-02
8.333333332920000655e-03
7.484356882759999844e-17
6.249999999610000162e-02
7.675070027789999971e-02
4.761904761219999671e-02
2.128301983710000060e-17
6.978653530129999560e-02
5.555555555089999875e-02
6.404157971219999468e-02
1.293847978090000017e-02
1.026087487749999944e-01
3.441573015109999911e-02
4.275692681849999760e-02
5.567022129890000591e-17
9.803921568340000225e-03
2.083333333070000112e-02
7.407407407239999936e-03
2.020202020139999846e-02
4.177489177410000087e-02
8.547008546790000466e-03
1.267318938339999923e-01
4.055555555390000233e-02
7.935328123859999860e-02
6.111111104539999839e-16
4.769119768890000200e-17
2.081945016149999994e-01
8.827404478799999454e-02
1.220019905529999976e-01
4.551728464559999828e-17
7.722832722229999988e-17
9.954322637849999378e-02
5.333333332910000085e-02
7.668420377979999480e-02
8.761528326360000507e-02
1.162858422899999966e-01
1.693767742670000132e-01
5.272904483150000242e-17
1.074868284149999992e-01
3.164292497510000080e-01
3.333333333170000051e-02
5.388888888670000099e-02
1.362959717649999958e-01
1.449275362259999991e-02
9.386724385859999964e-02
1.515151515080000004e-02
4.551728464370000214e-17
4.004273504109999848e-17
3.628628628529999983e-02
3.574469378939999855e-17
2.779207779129999754e-17
1.263227513070000048e-16
9.141414140570000043e-17
3.751187084379999787e-02
2.564102564040000171e-02
5.008354218389999802e-17
8.771929824329999584e-03
1.626016260120000112e-02
4.315278017769999793e-17
1.293847978090000017e-02
1.666666666499999963e-02
3.030303030029999831e-02
1.587301587230000033e-02
4.769119768890000200e-17
4.171497584370000256e-17
4.001256503109999932e-17
1.041666666629999932e-02
1.120370370240000067e-16
1.587301587230000033e-02
7.064959696349999707e-02
1.114794367400000066e-16
2.017201410589999910e-02
3.335805215560000019e-17
3.703703703499999778e-02
2.777777777659999961e-02
7.311521007009999518e-02
8.015873015489999309e-02
1.111111111039999981e-02
2.020202020139999846e-02
3.333333333220000333e-02
2.083333333199999943e-02
1.449275362259999991e-02
3.030303030209999943e-02
8.372183371480000118e-17
5.952380952169999961e-02
2.380952380779999961e-02
1.067359661869999969e-02
2.020202020079999924e-02
2.898550724509999996e-02
1.827954379749999886e-02
1.120370370130000069e-16
3.319262652190000233e-17
1.904761904709999926e-02
1.075268817169999953e-02
5.886681528490000230e-17
3.124999999900000131e-02
4.171497584370000256e-17
1.333333333280000040e-02
2.141885839809999983e-02
9.523809523540000682e-03
3.451012588820000307e-17
1.333333333229999931e-02
4.336917562579999802e-02
1.666666666579999859e-02
1.037037036929999989e-01
4.166666666410000219e-02
1.709401709359999882e-02
1.006734006630000052e-16
4.166666666149999865e-02
6.662463818310000035e-03
5.070932824970000169e-02
2.777777777550000105e-02
6.150793650670000057e-02
1.073449996070000023e-02
2.259887005609999971e-02
1.754385964819999907e-02
4.376455319249999976e-02
1.149425287280000062e-02
2.632794737920000150e-17
3.508771929730000044e-02
4.109589041040000168e-02
1.428571428550000008e-02
4.453860640230000029e-02
4.166666666589999984e-02
1.801801801750000168e-02
2.083333333290000172e-02
5.171026156869999724e-02
3.035999088589999909e-02
3.418803418719999765e-02
3.038073038030000145e-02
4.444444443849999982e-02
9.344571022660000392e-02
2.412657502839999843e-02
3.030303030269999864e-02
3.472222222150000287e-02
9.706959705560000429e-02
4.295996401149999866e-02
5.559151296849999846e-17
1.851851851749999889e-02
8.372183371480000118e-17
1.008771929769999992e-01
7.722832722229999988e-17
1.587301587230000033e-02
3.333333333170000051e-02
3.120051936830000108e-02
2.222222221930000158e-02
2.020202020079999924e-02
2.906183459799999841e-02
3.921568626989999778e-02
2.938426858290000068e-02
2.298850574550000136e-02
8.646626592139999845e-02
2.972914166130000146e-02
4.545454545040000099e-02
1.654005536889999878e-02
1.609311740849999894e-01
2.536390878120000150e-02
2.666666666560000079e-02
4.840301974330000340e-02
1.385281385219999939e-01
3.030303030029999831e-02
5.157401317930000034e-02
5.200086561390000056e-02
1.851851851749999889e-02
1.333333333280000040e-02
1.666666666579999859e-02
1.282051281999999938e-02
4.332634521229999924e-02
3.030303030029999831e-02
9.259259259000000852e-03
4.761904760539999865e-02
3.030303030169999995e-02
3.611111109699999963e-16
2.564102564040000171e-02
8.564045773150000262e-02
4.461279461179999684e-02
2.777777777550000105e-02
3.492122754620000102e-02
6.306306306139999873e-02
4.286131553369999792e-02
9.141414140570000043e-17
5.553868077500000167e-02
2.150537634339999907e-02
7.722832721680000002e-17
1.448412698200000072e-16
3.030303030209999943e-02
2.702702702629999898e-02
5.128205128010000086e-02
2.222222221930000158e-02
9.803921568340000225e-03
8.372183371480000118e-17
8.730306887049999603e-03
6.666666666440000666e-02
3.030303029749999849e-02
2.666666666560000079e-02
1.006734006540000021e-16
2.380952380900000151e-02
4.200268817069999910e-02
1.247563352759999966e-01
5.153343388539999986e-02
3.231107482110000262e-02
2.778177702040000003e-17
3.628628628529999983e-02
1.041666666629999932e-02
5.747126436680000290e-03
1.581215799870000147e-02
1.904761904709999926e-02
5.008354218630000255e-17
1.624474856099999975e-02
4.138233259590000145e-17
9.803921568340000225e-03
1.333333333280000040e-02
1.851851851800000170e-02
3.847263694080000285e-17
3.225806451510000034e-02
1.952712782669999841e-02
1.244826161479999950e-02
2.942874119259999986e-17
2.083333333199999943e-02
6.722222221949999965e-02
7.794871794570000512e-02
2.055555555120000070e-16
6.937602627019999468e-02
1.149425287320000010e-02
2.150537634339999907e-02
6.686507936059999830e-17
5.272904483150000242e-17
2.040816326490000124e-02
1.149425287320000010e-02
2.941176470499999931e-02
1.960784313490000069e-02
7.167277166759999559e-17
2.174598280010000145e-17
3.228046594880000117e-17
2.083333333269999851e-02
3.333333333220000333e-02
6.266339868889999492e-17
6.266339868520000308e-17
1.666666666579999859e-02
1.041666666629999932e-02
1.960784313669999834e-02
4.444444444299999741e-02
5.333333333120000158e-02
2.020202020139999846e-02
4.999999999879999740e-02
2.359088242260000065e-02
6.507936507750000654e-02
2.444578538530000136e-02
3.849952516470000303e-17
2.564102563909999993e-02
6.294326241000000599e-02
1.545454545309999927e-01
5.594270228280000257e-02
1.801801801750000168e-02
5.388888888670000099e-02
5.711382113679999706e-02
4.347826086769999987e-02
1.075268817169999953e-02
3.846153846010000321e-02
1.754385964819999907e-02
4.761904761730000046e-02
1.448412698020000010e-16
7.647058823089999957e-02
4.761904761219999671e-02
9.999999990560000107e-01
3.979147414280000128e-02
6.754385964230000261e-02
4.769119768890000200e-17
1.851851851749999889e-02
3.809523809410000211e-02
4.154621896449999657e-02
5.797101449019999991e-02
1.515151515119999952e-02
1.491398861200000057e-02
3.703703703499999778e-02
1.851851851800000170e-02
6.060606060059999661e-02
1.111111110369999988e-01
1.851851851800000170e-02
4.030865355999999761e-02
6.060606060059999661e-02
3.703703703499999778e-02
4.353315766169999992e-17
6.726289183349999645e-02
5.797101449019999991e-02
1.006734006630000052e-16
2.982797722079999839e-02
1.263227512929999917e-16
2.407994165759999930e-02
2.564102563999999876e-02
1.136363636269999977e-01
3.703703703499999778e-02
2.564102563909999993e-02
2.564102563909999993e-02
4.949918471840000084e-02
1.851851851800000170e-02
2.702702702629999898e-02
1.041666666629999932e-02
2.777777777659999961e-02
4.239480317610000101e-17
1.333333333280000040e-02
1.010101010069999923e-02
3.333333333249999947e-02
8.333333333129999340e-03
4.761904761219999671e-02
3.268507046219999712e-02
9.277504104769999926e-02
3.032159833540000179e-17
3.875968992159999765e-02
4.444444444150000284e-02
1.089502348780000025e-02
5.721187025370000345e-02
6.544715446990000129e-02
3.921568626989999778e-02
3.628529637669999919e-02
4.166666666490000115e-02
9.368191720089999452e-02
4.781262098220000201e-02
1.449275362259999991e-02
4.761904761559999921e-02
4.714285713529999811e-01
6.673185001319999853e-17
3.894425987269999750e-02
4.409338469069999655e-02
4.224818781669999884e-02
9.141414139810000354e-17
1.265822784789999954e-02
8.333333333129999340e-03
8.333333333129999340e-03
1.111111111089999916e-02
2.020202020139999846e-02
9.009009008770000465e-03
7.843137254809999515e-03
7.705813759079999971e-03
9.141414140570000043e-17
1.587301587259999994e-02
4.166666666149999865e-02
4.826869283790000131e-02
1.234567901190000011e-02
9.076923076569999582e-02
6.060606060329999656e-02
1.263227512929999917e-16
4.761904760539999865e-02
4.998893129510000033e-02
6.666666665779999446e-02
1.234567901190000011e-02
9.141414140570000043e-17
4.761904761449999718e-02
1.002551456579999992e-16
4.166666666490000115e-02
6.145251532020000559e-17
4.166666666490000115e-02
2.635236066069999994e-02
3.030303030209999943e-02
4.551728464559999828e-17
2.127659574419999908e-02
9.523809522449999676e-02
5.555555555249999666e-02
4.761904761559999921e-02
2.666666666560000079e-02
2.098884404630000158e-02
5.254901960680000150e-02
9.523809523540000682e-03
7.575757575589999945e-03
4.999999999750000257e-02
3.448275861950000215e-02
3.529220449800000298e-02
1.234567901190000011e-02
2.777777777659999961e-02
4.166666666490000115e-02
9.259259258740000498e-02
5.895969498560000364e-17
9.790234691080000606e-03
3.703703703600000341e-02
1.263227513070000048e-16
2.777777777659999961e-02
9.469909017929999812e-03
2.777777777719999883e-02
4.071969696850000209e-02
1.851851851749999889e-02
9.141414140570000043e-17
4.171497584370000256e-17
8.799583530629999720e-03
1.333333333310000000e-02
2.564102563969999915e-02
2.777777777659999961e-02
2.380952380900000151e-02
1.515151515080000004e-02
2.898550724509999996e-02
7.151042517099999772e-17
3.030303030120000060e-02
1.277777777720000008e-01
2.439024390119999899e-02
2.564102564040000171e-02
1.960784313609999913e-02
5.895969498560000364e-17
7.575757575409999833e-02
1.707605148710000104e-02
7.647907647559999689e-02
5.272904483150000242e-17
2.666666666560000079e-02
1.959597347629999861e-02
9.259259259000000852e-03
1.149425287339999983e-02
3.611991247989999876e-02
7.516339868860000273e-02
4.638752052379999796e-02
5.128205127419999815e-02
4.761904761559999921e-02
2.666666666449999876e-02
6.944444444299999707e-03
5.895969498230000126e-17
4.444444444150000284e-02
2.380952380779999961e-02
1.746061377310000051e-02
7.905982905359999757e-02
1.851851851749999889e-02
3.333333336670000132e-07
8.333333332810000105e-02
1.851851851749999889e-02
2.564102563909999993e-02
7.757464029379999848e-02
1.282051281999999938e-02
7.004830917580000260e-02
1.263227513070000048e-16
6.686507936059999830e-17
1.114794367400000066e-16
1.157407407140000066e-01
4.761904761219999671e-02
1.222289269270000062e-02
4.004273504109999848e-17
1.263227512929999917e-16
3.030303030169999995e-02
4.761904760539999865e-02
1.666666665830000005e-01
3.333333332999999926e-02
3.508771929460000050e-02
3.030303029749999849e-02
1.960784313609999913e-02
4.545454545250000172e-02
4.347826086579999888e-02
1.120370370130000069e-16
1.960784313609999913e-02
3.921568627219999825e-02
3.162431599889999750e-02
4.055555555390000233e-02
2.218197573109999959e-02
1.138480077760000023e-16
3.525991456329999885e-01
1.121609417879999987e-01
7.925823066600000411e-02
3.508771929639999815e-02
8.736942069620000362e-02
3.137988486070000172e-17
8.333333329170000692e-02
3.934640522800000179e-02
7.658844115820000187e-02
1.960784313609999913e-02
2.501042318050000035e-17
3.448275861950000215e-02
3.846153845860000170e-02
2.501042318050000035e-17
3.335805215450000145e-17
7.722832721680000002e-17
2.439992257009999933e-17
2.298850574669999980e-02
1.282051281999999938e-02
3.127036493870000082e-17
1.092896174850000075e-02
4.004273504109999848e-17
1.111111111069999942e-02
2.536390878120000150e-02
3.030303029749999849e-02
8.347031798830000251e-17
2.635236066069999994e-02
1.222289269270000062e-02
8.771929824329999584e-03
1.731601731580000025e-02
1.212121212099999921e-02
4.507957659839999945e-17
7.722832721680000002e-17
4.761904760539999865e-02
3.333333333170000051e-02
3.508771929460000050e-02
2.777777777659999961e-02
6.220322886759999809e-02
3.703703703499999778e-02
3.041526374800000015e-02
7.483069739629999440e-02
3.441295546470000272e-02
4.030865355370000236e-02
6.666666665329999686e-02
3.492122754620000102e-02
7.113692639820000385e-02
2.055555555120000070e-16
4.166666666149999865e-02
8.762202496060000553e-03
9.896098053870000522e-02
4.482758620389999671e-02
5.043541364200000016e-02
5.263157894460000069e-02
2.380952380779999961e-02
3.709013020319999743e-02
1.135197249360000021e-01
4.985754985379999699e-02
1.135814668329999944e-01
3.921568626989999778e-02
7.000699703639999549e-02
4.349463471669999721e-17
1.851851851800000170e-02
7.514783691040000102e-02
6.387921021909999386e-02
9.646476014759999829e-02
2.075763193540000051e-01
4.878048780369999976e-02
6.487455196920000056e-02
1.388888888859999941e-02
2.222222222149999871e-02
2.508518996429999828e-02
8.869395710560000479e-02
1.550387596829999950e-02
3.448275861829999678e-02
6.558441558319999531e-02
5.405405405110000339e-02
2.028679961859999881e-01
1.899533898850000110e-02
1.625615763490000087e-01
3.112481370599999922e-02
6.164058795309999839e-02
1.275881795280000008e-01
5.253308276449999981e-02
1.164102564010000007e-01
3.333333336670000132e-07
1.187986067030000030e-02
2.857142857060000068e-02
4.275655989410000191e-02
1.120370370240000067e-16
1.438222223160000035e-01
4.376455319249999976e-02
1.449275362259999991e-02
6.169515486310000324e-02
3.611991248480000277e-02
2.226495726409999931e-01
1.122004357240000000e-01
7.186948853100000312e-02
1.506568144450000091e-01
3.432052231109999907e-02
1.515151515009999922e-02
7.191809971190000345e-03
8.333333332289999396e-02
3.703703703289999705e-02
7.167277166759999559e-17
2.898550724509999996e-02
2.040816326490000124e-02
4.020961896320000145e-02
8.971861471700000312e-02
4.938271604760000044e-02
2.836879432560000108e-02
3.858722976299999718e-02
3.508771929639999815e-02
2.083333333199999943e-02
4.761904761219999671e-02
2.721088435320000165e-02
7.246376811439999947e-03
4.824852201209999664e-02
1.958046938220000047e-02
4.637329336209999875e-02
6.220007382650000194e-02
8.499987864749999900e-02
1.017543859549999985e-01
1.124537465260000008e-01
7.232232232040000652e-02
5.593869731610000284e-02
4.476005817180000318e-02
5.994049017170000049e-02
8.869395711029999518e-02
3.354700854619999811e-02
2.204669234539999995e-02
4.914101756230000034e-02
5.854700854409999877e-02
3.703703703289999705e-02
1.234567901190000011e-02
2.898550724509999996e-02
3.335805215560000019e-17
1.792750362039999962e-02
1.168764283000000015e-01
1.120370370240000067e-16
2.587474175199999761e-16
6.883146030219999822e-02
1.263227513070000048e-16
5.567022130179999419e-17
8.433444832660000334e-02
4.444444444299999741e-02
1.362853271360000007e-01
2.222222221479999982e-01
1.282051281999999938e-02
6.388888888480000194e-02
2.777777777659999961e-02
3.030303030029999831e-02
1.075268817130000006e-02
1.114582779759999975e-01
3.508771929639999815e-02
5.882352940829999738e-02
2.611111109879999800e-16
1.960784313609999913e-02
1.231781332150000061e-02
8.868078604680000587e-02
