0.0585590640097
0.0582831237107
0.0320207898561
0.0138888888883
0.0221819757311
0.0708695500201
0.0175438596482
4.55172846456e-17
0.0196078431361
3.57446937894e-17
4.55172846437e-17
0.0307249440217
5.30857015171e-17
0.0333333333322
0.0333333333267
7.72283272223e-17
3.81881257773e-17
6.67318500132e-17
5.75217327644e-17
0.037635160138
0.0459844773657
0.0738991217735
8.37218337084e-17
0.0259600260965
0.00949766949508
0.111111111037
8.37218337148e-17
0.0253639087812
0.0138888888883
0.006664188749
4.82721154736e-17
1.00673400663e-16
0.136507936499
0.0256410256391
0.0208333333307
1.00255145658e-16
2.5874741752e-16
2.05555555512e-16
2.03353537696e-16
0.0180599562424
0.15277777776
9.14141413981e-17
2.6111111104e-16
0.0256410256391
0.0238095238061
3.03215983354e-17
4.50795765984e-17
0.0555555555494
8.06129573809e-17
2.20974834829e-17
5.20317481989e-17
0.0353857479855
0.00662475619459
6.26633986889e-17
1.26322751307e-16
5.89596949856e-17
5.79638595586e-17
2.61111110988e-16
3.77379322815e-17
0.0277777777766
0.01038401044
0.0111111111107
0.00952671021221
4.31527801777e-17
1.1147943674e-16
0.0297340813041
0.0241851921382
4.76409390084e-17
0.0427565598941
3.45101258871e-17
4.94913703765e-17
1.26322751293e-16
2.19510029542e-17
8.37218337148e-17
6.11111110454e-16
0.0222222222193
4.55172846437e-17
2.82545013562e-17
2.05555555512e-16
0.0112527401694
0.0476190476122
4.00427350411e-17
1.69841269788e-16
0.0992647058764
0.0389794577046
5.05767411659e-17
7.72283272168e-17
0.0886939571103
6.14525153202e-17
0.0555555555463
0.0833333333125
0.0413805679811
0.148611111102
8.34703179883e-17
0.0421072831544
1.00255145658e-16
0.0190534204231
4.10654214028e-17
0.014913988612
1.44841269802e-16
3.55389471857e-17
0.0498575498538
0.0566448801711
6.68650793606e-17
0.0364551017617
5.56702213018e-17
0.0274193156928
0.0471817648452
4.79109229419e-17
1.25559695761e-16
0.112019124954
0.0392156862722
3.97501574411e-17
0.031746031743
1.1147943674e-16
0.0222222222207
0.013437339268
0.06666666666
0.06666666664
1.12037037024e-16
0.0874799159531
0.124756335269
0.0483972902699
5.05767411659e-17
0.0433691756258
0.0222222222193
5.79638595586e-17
0.0839008885586
1.25559695761e-16
0.0245753888487
0.0144927536226
0.0126819543923
0.0301083504597
0.0170172817467
0.0112527401694
0.103703703693
0.0419155786685
0.03333333333
0.0277777777766
0.0350877192964
0.0134377338086
0.0311933250984
2.75370471568e-17
0.0185185185175
4.34946347167e-17
0.0133333333328
0.010416666666
4.76409390084e-17
7.48435688276e-17
5.00835421863e-17
0.0107526881717
3.70709537349e-17
3.97501574411e-17
0.0260003956919
0.0222222222193
0.00829789007768
0.0165957801545
9.14141414057e-17
0.0429599640115
0.11241919434
0.0682539682493
0.020833333332
0.0150988797525
9.14141413981e-17
0.162409385463
0.128074220455
1.69841269812e-16
0.0558510460373
0.0162063100102
4.94913703765e-17
0.00845836409688
2.61111110988e-16
0.0190534204231
0.0917022191044
0.0682539682493
0.124881291539
0.0955868941497
0.0872101183162
5.8793955373e-17
0.0778159155341
0.0208333333307
0.0122749567945
1.12037037024e-16
0.0594490237097
0.00952380952327
5.00835421863e-17
0.0666666666533
0.0349125687553
4.31527801777e-17
0.0416666666563
7.72283272168e-17
0.0849998786475
0.104700854693
0.0383675782812
0.0148473867165
7.72283272223e-17
0.0285229725551
2.50028822318e-17
0.0111936641966
0.0370370370329
4.00427350411e-17
0.0842105263073
0.10512072006
0.02015432678
0.0794752108253
0.0343205223111
1.43767531004e-16
0.139838510033
0.0225387453502
0.0783975362326
0.0896551724108
0.0116129464899
0.103703703693
7.72283272168e-17
0.015961189782
0.0249480572854
0.0256410256391
0.0485295395609
0.103711318721
1.69841269812e-16
0.0640990835884
0.00885495859232
0.0206902839906
5.30857015171e-17
0.0277777777755
0.0416666666615
0.0196078431367
9.14141413981e-17
4.55172846456e-17
1.12037037024e-16
0.102504362379
0.037037037035
0.0238095238078
0.0642857142826
0.00649000652523
0.0675438596457
0.0775746402938
6.14525153202e-17
1.12037037013e-16
4.54734117666e-17
0.0322147004398
3.44777558565e-17
0.0206902839906
0.0303030302975
1.44841269802e-16
1.00255145658e-16
7.72283272168e-17
1.12037037013e-16
0.0317460317445
5.88668152849e-17
4.54734117666e-17
4.60664636875e-17
6.26633986889e-17
6.26633986852e-17
0.0333333333267
4.35331576617e-17
0.0223709829192
0.0447832069043
0.0705872364068
0.0233949938251
0.0769230769112
0.115740740727
0.0253639087812
0.0642857142796
0.0165957801545
0.0444444444415
0.0588235294083
0.0922001659604
0.0775511754959
3.18493577579e-17
0.0180599562436
0.0606060606006
0.0217146352458
0.029827977224
0.0174606137731
0.0927981513534
5.56702213018e-17
0.0105585766268
0.0337582205081
7.16727716628e-17
0.0142871051772
0.0111111111104
5.20317481989e-17
0.0102517949029
0.00845836409688
1.12037037024e-16
3.66419022142e-17
0.0337164750946
0.0112527401694
1.00673400654e-16
5.55915129685e-17
0.00957875069359
0.0220466923454
0.0476190476156
0.0822579470785
4.47510304843e-17
3.81881257773e-17
0.0277777777755
0.0133333333323
3.91770899578e-17
0.0215053763434
0.0326850704584
0.00927749744459
1.25559695761e-16
0.0229438201007
0.0344827586195
0.0175438596482
0.0227425209147
0.02564102564
0.0266666666656
0.0204832960145
0.06666666664
0.037037037035
0.0701754385891
0.0211236847998
0.00877192982433
1.6829465473e-16
0.00925925925874
0.0137096578484
0.0219831957653
0.0454850418293
0.0670260448755
0.0227425209147
1.26322751307e-16
0.100702754032
0.0162601626012
0.030197759505
0.0263523606607
0.0113712604584
7.72283272223e-17
0.0220466923454
0.00994265907502
6.11111110454e-16
0.0547624479644
0.0289855072451
0.0175438596473
9.14141414057e-17
1.00673400654e-16
0.0365590875951
2.26845311415e-17
0.0666666666533
0.0444444444385
0.0331915603089
0.0137096578477
0.0175438596487
7.16727716676e-17
0.0229591163547
0.031651676349
0.0416666666615
0.0270270270256
0.00649657628466
1.44841269802e-16
0.0229885057463
6.68650793606e-17
4.00427350396e-17
5.56702213018e-17
6.980332316e-17
0.0246913580229
0.0259600260965
0.224825898729
0.0410898028692
0.239325039318
0.0257403917349
0.0622032288676
0.0898826687925
0.0249480572854
0.0833333333264
0.0242647697805
0.00831392437043
0.0370370370288
3.33857471867e-17
4.07254054055e-17
0.0303233612214
0.0842105263073
0.0266666666656
0.0277777777731
0.0175438596473
0.0213782799471
0.0194897288523
0.215740740696
0.0165957801545
1.00673400663e-16
0.0454545454525
0.0127891927604
0.0266666666656
0.0117414164472
0.0392938081725
0.0361199124799
4.79109229419e-17
0.192758048433
0.0838947298571
0.0646153846104
0.139705882345
1.00255145658e-16
0.666666999167
0.0952380952245
0.0562637008468
0.0740740740658
0.00607198960736
0.00638210787119
0.0507228364646
8.37218337148e-17
0.0213471932374
0.0238095238078
0.03333333333
0.0403086535537
0.0587133057812
0.0570459451113
3.12703649387e-17
0.0605512381466
8.37218337148e-17
0.0618156611866
0.0217146352458
0.0181261996803
0.0434782608677
0.0258769595618
3.45101258871e-17
7.72283272168e-17
0.0421757071306
4.1714975842e-17
0.0256410256391
4.35331576617e-17
0.129230576465
0.0905901153862
0.0301083504597
0.0740740740576
0.0331915603089
0.168065824885
0.0666666666533
6.67318500132e-17
5.5818810695e-17
3.01986013742e-17
4.35331576617e-17
1.69841269812e-16
0.0740740740576
5.00835421863e-17
9.10930599119e-17
0.0133333333323
4.17149758437e-17
0.0241851921382
0.0105585766268
0.0222222222207
9.10930599119e-17
0.018785888798
0.020833333332
0.063492063489
7.72283272223e-17
0.0512820512781
0.0416666666563
0.0159600010934
5.8793955373e-17
1.12037037024e-16
0.02015432678
4.50795765984e-17
1.00673400654e-16
3.33333333667e-07
1.26322751293e-16
0.0145443704927
1.00673400654e-16
4.23948031761e-17
0.0416666666641
0.0190534204231
0.0259600260965
7.6618621674e-17
0.027603338972
4.79109229419e-17
0.0352242493415
1.12037037013e-16
0.0392156862722
0.0350877192964
0.0158258381745
1.24675746661e-16
1.00673400654e-16
7.16727716628e-17
0.0847222222115
0.0259600260965
5.27290448315e-17
0.0833333332917
7.72283272223e-17
0.0303030303003
7.72283272168e-17
0.0531562439159
9.49286791922e-17
0.053408936247
0.0202020202014
0.0227425209167
0.0370370370343
0.0144145388332
1.69841269788e-16
7.70278054854e-17
3.12557766952e-17
3.27776488622e-17
4.41987209445e-17
0.0175438596482
0.0555555555463
5.75217327644e-17
0.021043895214
0.126461062989
0.0113712604584
0.0571484207087
0.0392156862699
0.030197759505
0.0476903805685
0.0253639087812
1.6829465473e-16
2.60032105847e-17
0.0516896540733
6.14525153202e-17
0.0278324923338
1.34058914333e-16
4.13823325959e-17
0.0174606137741
0.0279407810777
0.0833333332917
0.0370370370329
9.10930599119e-17
0.055555555537
0.0199036475121
8.72545321567e-17
1.43767531004e-16
2.40390001616e-17
0.0236401377116
0.0268811242981
0.0106735966187
0.020833333332
0.00596711931576
3.22804659488e-17
3.33333333667e-07
0.00741715031449
0.0344827586195
0.0405555555539
1.00673400663e-16
0.999999999056
0.00808825659457
0.0211346933805
0.0257088874888
0.00957875069359
3.33333333667e-07
0.00774384533112
2.68234657653e-17
0.162781662768
0.0675438596423
6.980332316e-17
0.0228671514965
0.013436217854
0.0250851899643
0.0238095238078
5.30857015171e-17
6.26633986889e-17
0.0315860215044
0.0494008579661
3.57446937882e-17
0.0263523606607
0.0265959268885
0.00637322296028
0.013436217854
3.6111111088e-16
0.0113964981027
5.55915129685e-17
3.97501574411e-17
7.48435688276e-17
1.1147943674e-16
0.0284818314034
5.26617729736e-17
0.0299712129269
5.55915129685e-17
1.32845353638e-16
0.0326057843969
1.12037037024e-16
0.0158730158715
3.82408255076e-17
0.0310907171648
5.30857015171e-17
0.0201720141059
2.11678081649e-17
0.0175438596473
1.25559695761e-16
0.0411289735432
0.0311933250984
0.0508771929773
0.0484126984104
4.79109229419e-17
0.0175438596473
0.0238095238061
3.10659400566e-17
3.6111111088e-16
2.03353537696e-16
9.49286791922e-17
0.0144803414216
0.0113964981031
8.34703179883e-17
2.82945962713e-17
0.00885495859232
0.0185185185165
9.14141414057e-17
5.17676958538e-17
8.72545321567e-17
5.20317481989e-17
0.0117954412123
0.0104001731228
0.0289855072451
1.4484126982e-16
0.0277777777755
0.0173066840674
0.02015432678
7.29853017973e-17
0.0124740286427
0.010345141996
9.14141413981e-17
4.94913703765e-17
2.6111111104e-16
5.48413346094e-17
4.50795765984e-17
0.00819560293072
0.0764790764756
2.95891171862e-17
0.0108950234878
0.00983584530652
0.0132236753926
0.0201566007129
2.6111111104e-16
0.00952671021221
0.00770581375908
5.27290448289e-17
0.0362862862853
9.49286791922e-17
0.0180599562424
2.05555555512e-16
0.0277777777755
3.66963335978e-17
0.0123178133215
0.0238095238087
0.0194897288536
1.69841269788e-16
0.0454850418293
0.0548941568041
0.0563034070447
0.0175438596482
0.0175438596482
0.00865334203348
0.151508240578
0.0152479155796
0.00920111299066
0.0845205345837
0.0112907396505
0.129075227504
0.0461760461718
0.0303030302975
0.0403086535537
6.25527487924e-17
0.0096601862504
5.56702213018e-17
0.0208333333307
0.014913988612
0.0106891399744
4.10654214028e-17
2.52279304381e-17
0.0536062378111
0.112743648534
0.0238095238078
9.10930599119e-17
9.49286791922e-17
0.0186652033584
0.0326850704622
5.56702212989e-17
0.0113712604584
3.22644451245e-17
5.20317481989e-17
5.5445479487e-17
0.0566606646004
0.0196078431361
0.0228718733694
0.0990433705752
2.72414526437e-17
0.0229885057455
0.0222710800747
0.0259600260965
4.07254054055e-17
6.25527487924e-17
0.0361199124799
0.0370370370288
0.023037922631
0.0303030302975
1.69841269788e-16
0.111692533692
0.0238095238061
0.0092477766832
1.00255145658e-16
0.0255601615911
0.0323890904373
0.0266988518005
0.0313496179246
0.0123456790119
2.05555555512e-16
5.00835421863e-17
2.58662629372e-17
0.0188097707547
0.109018759009
0.0113964981027
9.14141413981e-17
4.00125650311e-17
0.00559656649211
0.0138888888883
6.20226598786e-17
8.06129573809e-17
0.0177430745575
3.68761802268e-17
3.97501574411e-17
0.0225387453502
0.0226158013217
0.00790607899973
0.020833333332
0.0174606137741
5.36807978554e-17
2.49425943605e-17
4.34946347167e-17
3.27776488622e-17
0.048412698408
3.45101258871e-17
5.26617729736e-17
6.67318500132e-17
0.0158121579987
6.26633986889e-17
1.43767531004e-16
0.0316243159973
0.0397059314309
2.49108916052e-17
0.0595604861135
0.102564102556
0.0411289735432
3.55389471857e-17
6.55010945392e-17
0.0527928831339
0.0144469235567
0.0548778805002
0.0484160529094
0.0617363276994
0.00927207910509
0.0303030303003
3.56419349544e-17
0.014913988612
0.0133249276366
0.0243156337201
0.0122228926927
0.00813008130042
0.0866163100274
0.0131761803303
0.0190534204231
5.00835421863e-17
7.1510425171e-17
3.84995251633e-17
0.0256410256404
0.0203516752992
8.72545321567e-17
0.0909090908926
0.0469656657887
0.0659163631699
0.0158730158723
0.0245138028481
0.0117954412123
0.0220466923454
0.00896375181018
3.6111111088e-16
0.00692436982772
0.00729699642934
3.43262603066e-17
0.03333333333
5.56702213018e-17
0.0148473867165
0.0479024943301
0.0158730158715
0.0235908824226
0.0145939928587
0.0384615384601
0.0227425209147
2.50393508084e-17
0.0190534204249
0.0206902839906
6.67318500132e-17
1.69841269812e-16
1.12037037013e-16
3.89509249917e-17
0.0320624943053
0.0238095238078
0.00486141968328
0.00616119020623
0.115277648707
0.0175991670613
0.0250901067586
0.060193700104
0.0516896540733
0.0151515151501
2.29015048281e-17
0.0361199124799
0.0226947925489
6.68650793564e-17
0.0218140170813
0.0225054803387
0.0269685371722
4.76409390084e-17
2.98278476014e-17
3.34604785645e-17
0.0100361168199
7.16727716628e-17
5.89596949823e-17
3.33857471867e-17
0.0229885057455
0.0303818921864
0.035959049856
3.70709537349e-17
0.0326850704584
0.0341428243493
0.014913988612
0.014252186633
0.0294117647042
1.03783304872e-16
3.68410947195e-17
7.16727716676e-17
0.044093384694
1.4484126982e-16
0.150488400477
0.0413805679811
5.89596949823e-17
6.980332316e-17
0.059250869289
0.0796821483904
0.0543043043014
0.0263523606607
2.3812001422e-17
0.0108950234878
0.03333333333
1.43767531004e-16
2.6111111104e-16
0.0615779213615
0.0216719474926
0.0144927536226
3.57446937882e-17
0.0292345932804
3.33580521556e-17
0.0225406227373
9.14141414057e-17
0.0248965232297
0.0127891927604
0.010416666666
0.0188679245279
0.0561064133399
0.0090299781221
0.0216503036424
1.76461826521e-17
0.00798059489078
0.0250796943397
1.6829465473e-16
0.0278324923291
0.040669383278
1.4425535119e-17
9.14141414057e-17
0.045526912605
0.0157912878971
3.39757117074e-17
0.0223862659684
0.0238095238078
0.0136799279612
0.0431603455047
0.0434782608658
6.11111110454e-16
0.00865334203348
0.0201543267816
2.0710853993e-17
0.0129800130497
4.82721154736e-17
3.43497592671e-17
0.025657726014
0.0275787303229
0.0139703905389
0.0150772782603
3.44801572621e-17
5.56702212989e-17
0.0370370370288
3.33333333667e-07
0.00925925925874
0.0555555555525
0.0331915603107
0.0479763603991
1.4484126982e-16
0.179308614083
6.26633986852e-17
1.00673400663e-16
0.0072735518982
8.37218337148e-17
1.44841269802e-16
3.33333333833e-07
1.69841269788e-16
0.0111111111107
7.72283272223e-17
0.0790598290475
4.13823325959e-17
0.0194897288536
1.00673400654e-16
8.37218337148e-17
0.0316243159989
0.0184198639745
6.980332316e-17
2.6111111104e-16
0.0278324923291
0.0170353604768
3.21310937363e-17
0.0110909878656
0.0184198639756
0.0147657390382
0.139705882345
0.0718540070327
0.0320674199246
0.0571602612692
0.0175883015088
0.013436217854
0.0223286027079
0.026564875777
0.0129244299284
0.0180081289311
0.00879958353063
0.00540150254358
0.0220547514193
0.0189398180359
0.0140824565332
0.0097228393661
0.0301336024114
0.00837091059001
0.0257280622083
0.0158378649408
0.0138888888883
0.0566448801679
2.03353537696e-16
0.0114092693098
0.0201543267816
0.0831178650023
0.116944662434
0.00979023469108
0.00786362747504
1.00673400654e-16
0.00712609331648
0.0628366916113
6.26633986889e-17
0.0361552028193
0.0416666666615
0.0163425352311
0.216666666619
0.0461760461739
0.0863799283098
2.05555555512e-16
0.0444444444385
0.0290887409854
0.0263987505919
0.0155966625492
0.0155966625492
0.0173066840657
0.0208333333307
0.0110208725007
0.0413805679811
0.0372631001647
6.68650793606e-17
0.00774384533112
0.020749875804
0.0135983794291
0.0598562210693
0.0266346628328
0.0174606137731
0.0425562372916
0.0349010117118
7.48435688276e-17
0.0158730158723
0.0444444444385
1.69841269812e-16
0.0232315359934
5.20317481989e-17
0.0213782799494
0.0120399708288
0.0181261996803
0.00909700836687
0.0593993033513
0.0101042003548
0.00837091059001
5.48413346094e-17
5.56702212989e-17
1.00673400654e-16
0.00548679181652
2.72414526437e-17
0.024635626643
8.37218337148e-17
1.00673400663e-16
5.17676958538e-17
0.0181261996803
0.0150988797525
0.0128630541585
0.0208003462456
0.0892720306454
0.0872590126578
7.72283272223e-17
0.0171602611566
0.0165957801545
0.03333333333
