0.9
0.0625
0.15384615384615385
0.13793103448275862
0.11764705882352941
0.19444444444444445
0.2
0.18518518518518517
0.17142857142857143
0.25
0.16666666666666666
0.15384615384615385
0.18181818181818182
0.04
0.3333333333333333
0.08
0.16666666666666666
0.3333333333333333
0.10526315789473684
0.4666666666666667
0.0
0.43478260869565216
0.5625
0.1111111111111111
0.29411764705882354
0.13333333333333333
0.0
0.075
0.0
0.1
0.21052631578947367
0.13636363636363635
0.17391304347826086
0.0967741935483871
0.14285714285714285
0.0
0.0
0.3939393939393939
0.3333333333333333
0.25925925925925924
0.8928571428571429
0.2
0.631578947368421
0.0
0.42857142857142855
0.22727272727272727
0.05405405405405406
0.3181818181818182
0.0
0.1
0.2
0.0
0.35714285714285715
0.4
0.21052631578947367
0.07142857142857142
0.0
0.1875
0.07142857142857142
0.06060606060606061
0.0
0.375
0.08333333333333333
0.0
0.0
0.0
0.0
0.0
0.0
0.047619047619047616
0.15625
0.5238095238095238
0.3448275862068966
0.14814814814814814
0.25
0.9
0.29411764705882354
0.14285714285714285
0.3333333333333333
0.25
0.21739130434782608
0.22857142857142856
0.6333333333333333
0.631578947368421
0.17647058823529413
0.25
0.0
0.0
0.0
0.56
0.45454545454545453
0.4090909090909091
0.1111111111111111
0.5
0.0
0.6428571428571429
0.5
0.23076923076923078
0.16666666666666666
0.6875
0.40625
0.8518518518518519
0.5
0.2222222222222222
0.3333333333333333
0.6111111111111112
0.29411764705882354
0.3055555555555556
0.42857142857142855
0.6428571428571429
0.5666666666666667
0.18604651162790697
0.3333333333333333
0.30434782608695654
0.34782608695652173
0.37037037037037035
0.5
0.2857142857142857
0.6896551724137931
0.3333333333333333
0.2631578947368421
0.0
0.030303030303030304
0.7272727272727273
0.25
0.23529411764705882
0.23809523809523808
0.1875
0.0
0.16666666666666666
0.16666666666666666
0.5
0.38461538461538464
0.3333333333333333
0.19230769230769232
0.65
0.5
0.4
0.0
0.0
0.5333333333333333
1.1
0.16666666666666666
0.14285714285714285
0.4074074074074074
0.782608695652174
0.6086956521739131
0.38461538461538464
0.09090909090909091
0.0
0.12
0.09090909090909091
0.23076923076923078
0.14814814814814814
0.17142857142857143
0.21739130434782608
0.1111111111111111
0.6666666666666666
0.09523809523809523
0.05555555555555555
0.1276595744680851
0.16666666666666666
0.0
0.17647058823529413
0.28125
0.0
0.08333333333333333
0.3125
0.11538461538461539
0.5185185185185185
0.16666666666666666
0.05555555555555555
0.14285714285714285
0.38235294117647056
0.3684210526315789
0.19230769230769232
0.5555555555555556
0.13157894736842105
0.05555555555555555
0.3333333333333333
0.05555555555555555
0.0
0.16666666666666666
0.08333333333333333
0.14705882352941177
0.13043478260869565
0.3
0.36363636363636365
0.45
0.0
0.29411764705882354
0.043478260869565216
0.25
0.125
0.14285714285714285
0.0
0.18181818181818182
0.23076923076923078
0.15384615384615385
0.16666666666666666
0.19230769230769232
0.15789473684210525
0.5
0.11538461538461539
0.9090909090909091
0.14814814814814814
0.0
0.28125
0.08333333333333333
0.23333333333333334
0.45454545454545453
0.23076923076923078
0.19047619047619047
0.13333333333333333
0.11764705882352941
0.11764705882352941
0.14705882352941177
0.0625
0.5833333333333334
0.0
0.225
0.6470588235294118
0.2571428571428571
0.15789473684210525
0.18181818181818182
0.2857142857142857
0.25
0.34782608695652173
0.21428571428571427
0.17391304347826086
0.4230769230769231
0.0
0.11428571428571428
0.14285714285714285
0.18421052631578946
0.0
0.058823529411764705
0.07142857142857142
0.4
0.07407407407407407
0.0
0.2926829268292683
0.10526315789473684
0.125
0.08
0.0
0.0
0.05555555555555555
0.3333333333333333
0.25806451612903225
0.3125
0.29411764705882354
0.21739130434782608
0.18181818181818182
0.2777777777777778
0.18181818181818182
0.23076923076923078
0.1935483870967742
0.1282051282051282
0.25
0.0
0.14285714285714285
0.14583333333333334
0.3
0.0
0.21428571428571427
0.13793103448275862
0.17857142857142858
0.19230769230769232
0.16
0.4090909090909091
0.0
0.6774193548387096
0.2702702702702703
0.25
0.1111111111111111
0.0
0.45454545454545453
0.08333333333333333
0.05
0.17391304347826086
0.09090909090909091
0.2
0.0
0.07692307692307693
0.275
0.42105263157894735
0.14285714285714285
0.2830188679245283
0.5
0.047619047619047616
0.21052631578947367
0.42857142857142855
0.23809523809523808
0.37254901960784315
0.13636363636363635
0.1388888888888889
0.10344827586206896
0.21428571428571427
0.2894736842105263
0.16666666666666666
0.6078431372549019
0.13793103448275862
0.42857142857142855
0.30952380952380953
0.08
0.0
0.0
0.34782608695652173
0.043478260869565216
0.3076923076923077
0.22033898305084745
0.3333333333333333
0.21875
0.38461538461538464
0.4666666666666667
0.225
0.42105263157894735
0.0
0.35294117647058826
0.043478260869565216
0.038461538461538464
0.16666666666666666
0.4375
0.09090909090909091
0.12727272727272726
0.23076923076923078
0.20754716981132076
0.16
0.07272727272727272
0.16216216216216217
0.72
0.2
0.1
0.13333333333333333
0.20833333333333334
0.2777777777777778
0.3157894736842105
0.21875
0.2
0.16666666666666666
0.36363636363636365
0.2857142857142857
0.375
0.0
0.36363636363636365
0.5
0.3333333333333333
0.2857142857142857
0.0
0.0
0.2
0.3333333333333333
0.23076923076923078
0.22727272727272727
0.3
0.10714285714285714
0.037037037037037035
0.1
0.2222222222222222
0.0
0.18181818181818182
0.0
0.3181818181818182
0.0
0.0
0.14285714285714285
0.16666666666666666
0.04081632653061224
0.0
0.025
0.13157894736842105
0.6363636363636364
0.09836065573770492
0.15151515151515152
0.0
0.0
0.0
0.030303030303030304
0.0
0.23076923076923078
0.0
0.05714285714285714
0.3333333333333333
0.26666666666666666
0.16666666666666666
0.08108108108108109
0.3103448275862069
0.34210526315789475
0.3181818181818182
0.5217391304347826
0.06666666666666667
0.25806451612903225
0.0
0.3333333333333333
0.0
0.09523809523809523
0.42857142857142855
0.2571428571428571
0.2727272727272727
0.2777777777777778
0.2222222222222222
0.20833333333333334
0.125
0.09375
0.08695652173913043
0.6
0.2
0.07142857142857142
0.0
0.0
0.23076923076923078
0.625
0.23529411764705882
0.25
0.09090909090909091
0.0
0.20512820512820512
0.2857142857142857
0.21739130434782608
0.25
0.3103448275862069
0.4782608695652174
0.6086956521739131
0.38461538461538464
0.13636363636363635
0.5454545454545454
0.23076923076923078
0.0
1.0
0.15
0.0
0.19047619047619047
0.07407407407407407
0.45454545454545453
0.047619047619047616
0.0625
0.3333333333333333
0.15
0.14285714285714285
0.2
0.14
0.5945945945945946
0.08888888888888889
0.4146341463414634
0.0625
0.35294117647058826
0.17391304347826086
0.0
0.5555555555555556
0.32
0.4166666666666667
0.14285714285714285
0.125
0.2692307692307692
0.2727272727272727
0.1724137931034483
0.0
0.45454545454545453
0.12903225806451613
0.05714285714285714
0.5
0.3076923076923077
0.0
0.16666666666666666
0.5217391304347826
0.5806451612903226
0.0
0.1875
0.1111111111111111
0.13636363636363635
0.375
0.4444444444444444
0.8
0.5263157894736842
0.47058823529411764
0.16
0.5833333333333334
0.5714285714285714
0.5
0.35
0.18181818181818182
0.17073170731707318
0.07692307692307693
0.125
0.15384615384615385
0.3333333333333333
0.24242424242424243
0.5
0.15
0.25
0.36363636363636365
0.3333333333333333
0.3333333333333333
0.3125
0.5
0.0
0.4
0.07692307692307693
0.42105263157894735
0.42857142857142855
0.3333333333333333
0.25
0.23529411764705882
0.3902439024390244
0.23728813559322035
0.47058823529411764
0.1111111111111111
0.10526315789473684
0.19230769230769232
0.1111111111111111
0.2857142857142857
0.35
0.35
0.5625
0.21428571428571427
0.23255813953488372
0.07692307692307693
0.1346153846153846
0.03225806451612903
0.15625
0.2682926829268293
0.3055555555555556
0.0
0.16666666666666666
0.17391304347826086
0.19047619047619047
0.125
0.3333333333333333
0.2826086956521739
0.0
0.16129032258064516
0.0625
0.38461538461538464
0.1111111111111111
0.3125
0.1111111111111111
0.2777777777777778
0.2
0.07692307692307693
0.35714285714285715
0.13043478260869565
0.07936507936507936
0.03225806451612903
0.16
0.22727272727272727
0.48
0.38461538461538464
0.5
0.20588235294117646
0.8
0.25
0.1111111111111111
1.0
0.6
0.39285714285714285
0.5333333333333333
0.16666666666666666
0.52
0.4
0.2692307692307692
0.41379310344827586
0.3111111111111111
0.05263157894736842
0.43478260869565216
0.2
0.8
0.2222222222222222
0.34615384615384615
0.45454545454545453
0.25925925925925924
0.18181818181818182
0.30434782608695654
0.07407407407407407
0.0
0.0
0.0
0.36363636363636365
0.3
0.35294117647058826
0.0
0.21428571428571427
0.14814814814814814
0.0
0.0
0.6875
0.36363636363636365
0.2
0.23076923076923078
0.18181818181818182
0.0
0.0
0.25
0.5789473684210527
0.23076923076923078
0.13636363636363635
0.2631578947368421
0.21739130434782608
0.32432432432432434
0.05263157894736842
0.14285714285714285
0.30434782608695654
0.13333333333333333
0.0
0.14285714285714285
0.34285714285714286
0.13043478260869565
0.13043478260869565
0.12121212121212122
0.0
0.40476190476190477
0.11764705882352941
0.35135135135135137
0.2222222222222222
0.2972972972972973
0.34285714285714286
0.16666666666666666
0.4444444444444444
0.047619047619047616
0.09090909090909091
0.2916666666666667
0.30952380952380953
0.29411764705882354
0.25925925925925924
0.25
0.1951219512195122
0.5
0.42857142857142855
0.48148148148148145
0.1875
0.15789473684210525
0.21052631578947367
0.3
0.16666666666666666
0.42105263157894735
0.13636363636363635
0.19230769230769232
0.5
0.0
0.0
0.05714285714285714
0.0
0.0
0.07407407407407407
0.058823529411764705
0.3
0.17647058823529413
0.5
0.3
0.10344827586206896
0.0
0.034482758620689655
0.04
0.23076923076923078
0.2
0.3488372093023256
0.5
0.10256410256410256
0.05405405405405406
0.3076923076923077
0.3870967741935484
0.3269230769230769
0.3
0.2857142857142857
0.29411764705882354
0.3333333333333333
0.4444444444444444
0.1111111111111111
0.29411764705882354
0.3333333333333333
0.13513513513513514
0.30434782608695654
0.30303030303030304
0.11764705882352941
0.08
0.26666666666666666
0.0967741935483871
0.4444444444444444
0.0
0.2653061224489796
0.175
0.06666666666666667
0.0
0.25
0.0
0.15384615384615385
0.034482758620689655
0.10256410256410256
0.16666666666666666
0.25
0.07142857142857142
0.07142857142857142
0.35
0.35294117647058826
0.0
0.17391304347826086
0.13636363636363635
0.42857142857142855
0.23076923076923078
0.46153846153846156
0.15384615384615385
0.25
0.4
0.0625
0.4
0.34615384615384615
0.15384615384615385
0.2727272727272727
0.16666666666666666
0.2
0.26666666666666666
0.2608695652173913
0.45714285714285713
0.0
0.0
0.0
0.2631578947368421
0.0625
0.375
0.16666666666666666
0.05
0.3
0.42857142857142855
0.2857142857142857
0.0
0.18181818181818182
0.125
0.3170731707317073
0.0
0.0
0.05
0.16666666666666666
0.13043478260869565
0.3235294117647059
0.13043478260869565
0.36363636363636365
0.18181818181818182
0.04
0.3
0.0
0.15
0.10526315789473684
0.16666666666666666
0.045454545454545456
0.05263157894736842
0.06666666666666667
0.1
0.5
0.4583333333333333
0.0
0.35294117647058826
0.7333333333333333
0.2727272727272727
0.5
0.08333333333333333
0.29411764705882354
0.5151515151515151
0.5384615384615384
0.2222222222222222
0.0
0.36363636363636365
0.23529411764705882
0.1276595744680851
0.15384615384615385
0.7333333333333333
0.25
0.18181818181818182
0.2
0.14285714285714285
0.12
0.16666666666666666
0.14285714285714285
0.0
0.25
0.09090909090909091
0.0
0.0
0.13043478260869565
0.0967741935483871
0.0
0.07142857142857142
0.05555555555555555
0.2826086956521739
0.0
0.09090909090909091
0.2
0.07142857142857142
0.34375
0.0
0.3684210526315789
0.125
0.0
0.1
0.15
0.27586206896551724
0.41935483870967744
0.1875
0.14814814814814814
0.4074074074074074
0.23529411764705882
0.6666666666666666
0.16666666666666666
0.023255813953488372
0.2
0.25
0.4666666666666667
0.0
0.1111111111111111
0.29411764705882354
0.08333333333333333
0.24
0.46875
0.22727272727272727
0.0
0.20588235294117646
0.21428571428571427
0.11764705882352941
0.17647058823529413
0.2777777777777778
0.037037037037037035
0.0
0.08108108108108109
0.0
0.25
0.2222222222222222
0.15384615384615385
0.10526315789473684
0.25
0.029411764705882353
0.0
0.2
0.0
0.03333333333333333
0.0
0.15625
0.058823529411764705
0.0
0.09523809523809523
0.05555555555555555
0.10526315789473684
0.1282051282051282
0.14285714285714285
0.25
0.10344827586206896
0.6363636363636364
0.0
0.16666666666666666
0.2222222222222222
0.14285714285714285
0.13636363636363635
0.2222222222222222
0.2222222222222222
0.30303030303030304
0.2
0.25
0.2727272727272727
0.21951219512195122
0.09523809523809523
0.08108108108108109
0.0
0.13636363636363635
0.0
0.16
0.4166666666666667
0.14285714285714285
0.0
0.21428571428571427
0.1111111111111111
0.23076923076923078
0.3333333333333333
0.18518518518518517
0.13043478260869565
0.08
0.17391304347826086
0.10526315789473684
0.2
0.15625
0.3333333333333333
0.13043478260869565
0.16666666666666666
0.0
0.2857142857142857
0.6153846153846154
0.125
0.13636363636363635
0.14285714285714285
0.058823529411764705
0.3103448275862069
0.10344827586206896
0.46153846153846156
0.2222222222222222
0.0
0.29411764705882354
0.3125
0.16
0.0
0.09523809523809523
0.11538461538461539
0.043478260869565216
0.20833333333333334
0.1875
0.125
0.3333333333333333
0.3
0.23076923076923078
0.4523809523809524
0.3333333333333333
0.3
0.3333333333333333
0.22727272727272727
0.5
0.3125
0.35
0.14285714285714285
0.09090909090909091
0.0
0.2777777777777778
0.15384615384615385
0.2903225806451613
0.13636363636363635
0.18421052631578946
0.0
0.12
0.4074074074074074
0.42857142857142855
0.0
0.029411764705882353
0.37209302325581395
0.15
0.05555555555555555
0.16279069767441862
0.275
0.041666666666666664
0.1111111111111111
0.07692307692307693
0.16666666666666666
0.16071428571428573
0.19148936170212766
0.23076923076923078
0.28125
0.375
0.25
0.14285714285714285
0.20833333333333334
0.5
0.03571428571428571
0.06779661016949153
0.0
0.0
0.15384615384615385
0.0
0.027777777777777776
0.19047619047619047
0.26666666666666666
0.29411764705882354
0.2857142857142857
0.0
0.21052631578947367
0.5263157894736842
0.15384615384615385
0.3888888888888889
0.18
0.14285714285714285
0.19230769230769232
0.29411764705882354
0.07894736842105263
0.15
0.0625
0.38461538461538464
0.03571428571428571
0.2
0.0
0.058823529411764705
0.046511627906976744
0.0967741935483871
0.058823529411764705
0.07692307692307693
0.16666666666666666
0.15625
0.10526315789473684
0.07142857142857142
0.08333333333333333
0.1875
0.11363636363636363
0.2
0.16666666666666666
0.2777777777777778
0.0
0.3333333333333333
0.4166666666666667
0.15384615384615385
0.2222222222222222
0.42857142857142855
0.3333333333333333
0.5
0.42105263157894735
0.3333333333333333
0.25
0.2916666666666667
0.25
0.9
0.12
0.34285714285714286
0.36363636363636365
0.375
0.14814814814814814
0.2857142857142857
0.22857142857142856
0.4
0.0
0.3783783783783784
0.23636363636363636
0.2857142857142857
0.42857142857142855
0.0
0.0
0.08
0.5254237288135594
0.23529411764705882
0.045454545454545456
0.08333333333333333
0.25
0.2727272727272727
0.11428571428571428
0.0
0.18181818181818182
0.32432432432432434
0.1935483870967742
0.03571428571428571
0.0
0.05128205128205128
0.2222222222222222
0.0
0.09090909090909091
0.2564102564102564
0.19642857142857142
0.11904761904761904
0.13793103448275862
0.0
0.0
0.0
0.3
0.09090909090909091
0.058823529411764705
0.10810810810810811
0.1111111111111111
0.2777777777777778
0.22641509433962265
0.2413793103448276
0.2608695652173913
0.2222222222222222
0.09090909090909091
0.1794871794871795
0.3333333333333333
0.2692307692307692
0.11627906976744186
0.25
0.0
0.3235294117647059
0.35
0.1
0.18604651162790697
0.07142857142857142
0.05
0.0
0.26666666666666666
0.058823529411764705
0.16666666666666666
0.1
0.05
0.16
0.2857142857142857
0.2222222222222222
0.06818181818181818
0.03125
0.29411764705882354
0.1875
0.1935483870967742
0.23636363636363636
0.0
0.17391304347826086
0.37037037037037035
0.15789473684210525
0.07142857142857142
0.25
0.12
0.07142857142857142
0.19047619047619047
0.14285714285714285
0.0
0.2727272727272727
0.2
0.5263157894736842
0.06382978723404255
0.125
0.0
0.20930232558139536
0.43333333333333335
0.0
0.16666666666666666
0.20833333333333334
0.038461538461538464
0.0967741935483871
0.045454545454545456
0.0
0.0
0.0967741935483871
0.16279069767441862
0.14285714285714285
0.5833333333333334
0.22580645161290322
0.08333333333333333
0.20588235294117646
0.4791666666666667
0.5555555555555556
0.06666666666666667
0.1836734693877551
0.08333333333333333
0.29508196721311475
0.13636363636363635
0.17647058823529413
0.11363636363636363
0.06451612903225806
0.0
0.07142857142857142
0.1
0.08888888888888889
0.18181818181818182
0.08333333333333333
0.29411764705882354
0.12195121951219512
0.2
0.13513513513513514
0.2
0.06382978723404255
0.10526315789473684
0.045454545454545456
0.0
0.1568627450980392
0.0
0.15384615384615385
0.23529411764705882
0.5
0.18181818181818182
0.0
0.2727272727272727
0.23333333333333334
0.05263157894736842
0.25
0.08333333333333333
0.2608695652173913
0.11538461538461539
0.03225806451612903
0.10638297872340426
0.13793103448275862
0.13636363636363635
0.125
0.4
0.4
0.16666666666666666
0.08
0.0
0.05
0.2857142857142857
0.0
0.0
0.0
0.30303030303030304
0.4
0.0
0.15384615384615385
0.1935483870967742
0.25
0.0
0.6666666666666666
0.3103448275862069
0.34782608695652173
0.16326530612244897
0.11538461538461539
0.23076923076923078
0.09302325581395349
0.2857142857142857
0.20833333333333334
0.2777777777777778
0.38461538461538464
0.2222222222222222
0.2631578947368421
0.4318181818181818
0.2
0.25862068965517243
0.17777777777777778
0.19672131147540983
0.14285714285714285
0.5833333333333334
0.1271186440677966
0.1125
1.0
0.2727272727272727
0.030303030303030304
0.3157894736842105
0.38461538461538464
0.2962962962962963
0.5
0.375
0.29411764705882354
0.11764705882352941
0.16666666666666666
0.058823529411764705
0.5714285714285714
0.13636363636363635
0.5
0.3888888888888889
0.08888888888888889
0.14285714285714285
0.24242424242424243
0.2608695652173913
0.21428571428571427
0.14285714285714285
0.36666666666666664
0.1590909090909091
0.17857142857142858
0.09375
0.15384615384615385
0.05714285714285714
0.3235294117647059
0.2391304347826087
0.3103448275862069
0.043478260869565216
0.19047619047619047
0.27586206896551724
0.09803921568627451
0.25806451612903225
0.08333333333333333
0.05555555555555555
0.10344827586206896
0.02127659574468085
0.06521739130434782
0.0
0.2727272727272727
0.15217391304347827
0.05454545454545454
0.25
0.16923076923076924
0.11475409836065574
0.13043478260869565
0.35294117647058826
0.07692307692307693
0.13513513513513514
0.3333333333333333
0.06976744186046512
0.45454545454545453
0.35714285714285715
0.10869565217391304
0.45454545454545453
0.2916666666666667
0.25
0.37037037037037035
0.3076923076923077
0.18181818181818182
0.5
0.19230769230769232
0.18181818181818182
0.24074074074074073
0.2222222222222222
0.15
0.18421052631578946
0.16666666666666666
0.1111111111111111
0.2
0.0
0.060240963855421686
0.1125
0.02040816326530612
0.5
1.0
0.25
0.125
0.2857142857142857
0.3333333333333333
0.0
0.0
0.05405405405405406
0.2727272727272727
0.21052631578947367
0.21212121212121213
0.09090909090909091
0.18181818181818182
0.21052631578947367
0.35714285714285715
0.0
0.23809523809523808
0.3333333333333333
0.1875
0.07142857142857142
0.21428571428571427
0.4838709677419355
0.23076923076923078
0.6666666666666666
0.21621621621621623
0.0
0.125
0.0
0.0
0.23809523809523808
0.13043478260869565
0.09090909090909091
0.4375
0.4482758620689655
0.0
0.3404255319148936
0.42857142857142855
0.3333333333333333
0.0
0.25
0.2608695652173913
0.2903225806451613
0.13043478260869565
0.3170731707317073
0.5238095238095238
0.14285714285714285
0.25
0.05405405405405406
0.2
0.375
0.20512820512820512
0.3181818181818182
0.14285714285714285
0.0
0.0
0.08333333333333333
0.4375
0.0
0.18518518518518517
0.16
0.0
0.13333333333333333
0.25806451612903225
0.0
0.09523809523809523
0.047619047619047616
0.5
0.4642857142857143
0.0
0.23529411764705882
0.32142857142857145
0.25
2.3333333333333335
0.07692307692307693
0.2222222222222222
0.0
0.25
0.20833333333333334
0.24
0.047619047619047616
0.23529411764705882
0.15789473684210525
0.11764705882352941
0.08333333333333333
0.15
0.0
0.3191489361702128
0.16
0.17647058823529413
0.16666666666666666
0.14893617021276595
0.34210526315789475
0.35714285714285715
0.44
0.0
0.3076923076923077
0.16666666666666666
0.26666666666666666
0.375
0.1111111111111111
0.26666666666666666
0.4444444444444444
0.5
0.0
0.0
0.23404255319148937
0.125
0.3333333333333333
0.5263157894736842
0.1935483870967742
0.11764705882352941
0.15
0.4375
0.0
0.29411764705882354
0.4444444444444444
0.39285714285714285
0.0
0.4
0.0
0.3076923076923077
0.10526315789473684
0.375
0.25
0.5
0.06451612903225806
0.0
0.09523809523809523
0.5882352941176471
0.18181818181818182
0.03333333333333333
0.5294117647058824
0.4166666666666667
0.125
0.0
0.8
0.30434782608695654
0.4166666666666667
0.125
0.2
0.2413793103448276
0.14285714285714285
0.8
0.34782608695652173
0.0
0.16666666666666666
0.2413793103448276
0.25925925925925924
0.21052631578947367
0.0
0.0
0.05555555555555555
0.45454545454545453
0.2857142857142857
0.37037037037037035
0.0967741935483871
0.75
0.10526315789473684
0.56
0.125
0.125
0.15384615384615385
0.2857142857142857
0.0
0.0
0.13043478260869565
0.3409090909090909
0.4
0.16666666666666666
0.5
0.25806451612903225
0.10714285714285714
0.16666666666666666
0.20588235294117646
0.15384615384615385
0.3333333333333333
0.1282051282051282
0.2608695652173913
0.5333333333333333
0.16129032258064516
0.46835443037974683
0.4642857142857143
0.14285714285714285
0.0
0.3333333333333333
0.2
0.10526315789473684
0.13043478260869565
0.3611111111111111
0.06666666666666667
0.1111111111111111
0.0
0.3
0.21052631578947367
0.25
0.21428571428571427
0.22727272727272727
0.18604651162790697
0.0
0.0
0.17857142857142858
0.17647058823529413
0.1
0.09090909090909091
0.3333333333333333
0.10714285714285714
0.2222222222222222
0.5666666666666667
0.12
0.2
0.0
0.24242424242424243
0.043478260869565216
0.14893617021276595
0.0
0.25
0.625
0.18181818181818182
0.0
0.4
0.09090909090909091
0.0
0.2857142857142857
0.2857142857142857
0.14285714285714285
0.2413793103448276
0.2608695652173913
0.21052631578947367
0.3235294117647059
0.3333333333333333
0.6
0.0
0.13636363636363635
0.0
0.1111111111111111
0.4583333333333333
0.3684210526315789
0.4528301886792453
0.5652173913043478
0.1320754716981132
0.35135135135135137
0.4107142857142857
0.14285714285714285
0.25
0.10204081632653061
0.041666666666666664
0.1702127659574468
0.34285714285714286
0.2
0.3
0.375
0.07142857142857142
0.2978723404255319
0.1956521739130435
0.038461538461538464
0.3333333333333333
0.24242424242424243
0.037037037037037035
0.17073170731707318
0.0
0.0
0.03333333333333333
0.07692307692307693
0.0
0.21739130434782608
0.1111111111111111
0.23076923076923078
0.3181818181818182
0.25
0.16666666666666666
0.11627906976744186
0.18421052631578946
0.375
0.0
0.1276595744680851
0.38461538461538464
0.21951219512195122
0.18181818181818182
0.07547169811320754
0.05555555555555555
0.0
0.0
0.14285714285714285
0.21739130434782608
0.2
0.14285714285714285
0.16129032258064516
0.10526315789473684
0.12903225806451613
0.04
0.09433962264150944
0.0
0.17142857142857143
0.0
0.25
0.0
0.26666666666666666
0.1951219512195122
0.19444444444444445
0.14285714285714285
0.2
0.35714285714285715
0.1388888888888889
0.05263157894736842
0.0
0.08333333333333333
0.2222222222222222
0.1111111111111111
0.045454545454545456
0.16279069767441862
0.06818181818181818
0.35555555555555557
0.10526315789473684
0.08823529411764706
0.03225806451612903
0.04918032786885246
0.16666666666666666
0.06896551724137931
0.2857142857142857
0.4
0.2
0.10344827586206896
0.2413793103448276
0.17142857142857143
0.16129032258064516
0.1
0.045454545454545456
0.09523809523809523
0.10526315789473684
0.047619047619047616
0.14285714285714285
0.08823529411764706
0.0
0.0
0.11764705882352941
0.125
0.0
0.0
0.0
0.058823529411764705
0.5714285714285714
0.024390243902439025
0.0
0.08333333333333333
0.17543859649122806
0.12903225806451613
0.0
0.11428571428571428
0.03333333333333333
0.0
0.17307692307692307
0.2
0.0
0.1794871794871795
0.06666666666666667
0.25
0.24
0.045454545454545456
0.058823529411764705
0.25925925925925924
0.07692307692307693
0.0
0.34782608695652173
0.13333333333333333
0.0625
0.17391304347826086
0.030303030303030304
0.03333333333333333
0.0
0.0
0.12903225806451613
0.21428571428571427
0.18181818181818182
0.3
0.14814814814814814
0.037037037037037035
0.10416666666666667
0.0
0.0
0.0
0.04
0.125
0.2
0.0
0.03225806451612903
0.03225806451612903
0.18518518518518517
0.08333333333333333
0.0
0.140625
0.26666666666666666
0.4090909090909091
0.21428571428571427
0.08571428571428572
0.2727272727272727
0.20512820512820512
0.0
0.42857142857142855
0.14285714285714285
0.21951219512195122
0.1891891891891892
0.875
0.09090909090909091
0.1
0.11764705882352941
0.18181818181818182
0.2857142857142857
0.6666666666666666
0.2222222222222222
0.21951219512195122
0.06666666666666667
0.3125
0.3125
0.5714285714285714
0.14285714285714285
0.09433962264150944
0.16129032258064516
0.2894736842105263
0.2702702702702703
0.25806451612903225
0.5882352941176471
0.23076923076923078
0.2222222222222222
0.1
0.15625
0.0
0.125
0.06666666666666667
0.05263157894736842
0.13333333333333333
0.10714285714285714
0.15151515151515152
0.125
0.0
0.0
0.0
0.38095238095238093
0.16
0.23809523809523808
0.1875
0.2222222222222222
0.3225806451612903
0.09090909090909091
0.5357142857142857
0.023809523809523808
0.15384615384615385
0.0784313725490196
0.12903225806451613
0.2631578947368421
0.5172413793103449
0.14285714285714285
0.26666666666666666
0.29411764705882354
0.21212121212121213
0.0
0.10526315789473684
0.16216216216216217
0.12121212121212122
0.11538461538461539
0.1724137931034483
0.0
0.32432432432432434
0.125
0.2857142857142857
0.1875
0.14634146341463414
0.26666666666666666
0.3333333333333333
0.10344827586206896
0.13636363636363635
0.029411764705882353
0.0
0.034482758620689655
0.1111111111111111
0.1794871794871795
0.2
0.03333333333333333
0.1
0.16
0.2916666666666667
0.2
0.0
0.16666666666666666
0.08571428571428572
0.19444444444444445
0.3333333333333333
0.24324324324324326
0.14285714285714285
0.0
0.13636363636363635
0.2
0.11764705882352941
0.1
0.029411764705882353
0.03333333333333333
0.09615384615384616
0.08163265306122448
0.0
0.14285714285714285
0.0
0.19230769230769232
0.0625
0.38636363636363635
0.41025641025641024
0.037037037037037035
0.0
0.02702702702702703
0.0
0.0
0.18518518518518517
0.125
0.0625
0.15151515151515152
0.14285714285714285
0.20689655172413793
0.29411764705882354
0.17647058823529413
0.1
0.10714285714285714
0.05263157894736842
0.3157894736842105
0.12903225806451613
0.2222222222222222
0.0
0.2
0.09375
0.23076923076923078
0.05
0.10344827586206896
0.14814814814814814
0.05
0.0
0.25
0.6
0.12
0.14285714285714285
0.09523809523809523
0.21428571428571427
0.08333333333333333
0.65
0.5294117647058824
0.0
0.7692307692307693
0.5
0.29411764705882354
0.3488372093023256
0.5714285714285714
0.05263157894736842
0.25
0.6
0.2807017543859649
0.22727272727272727
0.32432432432432434
0.0
0.3333333333333333
0.1875
0.35555555555555557
0.15625
0.2727272727272727
0.1276595744680851
0.47368421052631576
0.3111111111111111
0.0
0.0
0.2857142857142857
0.30303030303030304
0.25
0.25
0.2857142857142857
0.27586206896551724
0.4090909090909091
0.42424242424242425
0.4
0.2222222222222222
0.68
0.07547169811320754
0.16666666666666666
0.3448275862068966
0.5
0.23529411764705882
0.13333333333333333
0.14814814814814814
0.0
0.10526315789473684
0.16666666666666666
0.6923076923076923
0.0
0.11363636363636363
0.0
0.17142857142857143
0.08695652173913043
0.0
0.5263157894736842
0.18604651162790697
0.0
0.08928571428571429
0.06060606060606061
0.6923076923076923
0.03125
0.14285714285714285
0.13513513513513514
0.13513513513513514
0.10526315789473684
0.30952380952380953
0.3333333333333333
0.30434782608695654
0.1
0.1724137931034483
0.02564102564102564
0.14705882352941177
0.26666666666666666
0.3877551020408163
0.2
0.046875
0.3333333333333333
0.043478260869565216
0.0975609756097561
0.03571428571428571
0.2222222222222222
0.1111111111111111
0.29411764705882354
0.3181818181818182
0.0
0.1
0.13333333333333333
0.24324324324324326
0.0
0.0
0.3333333333333333
0.1111111111111111
0.2
0.20689655172413793
0.12121212121212122
0.3333333333333333
0.36
0.12
0.3333333333333333
0.20833333333333334
0.125
0.32558139534883723
0.21621621621621623
0.35714285714285715
0.08333333333333333
0.0
0.10344827586206896
0.1111111111111111
0.08695652173913043
0.2222222222222222
0.3333333333333333
0.0
0.2
0.5714285714285714
0.3333333333333333
0.21739130434782608
0.14814814814814814
0.1111111111111111
0.14814814814814814
0.2
0.0
0.16
0.06976744186046512
0.0
0.0
0.16666666666666666
0.09523809523809523
0.037037037037037035
0.1016949152542373
0.08695652173913043
0.15151515151515152
0.4
0.125
0.05555555555555555
0.0
0.1891891891891892
0.0
0.15625
0.2222222222222222
0.3103448275862069
0.13513513513513514
0.04
0.0
0.6
0.22580645161290322
0.1891891891891892
0.375
0.21052631578947367
0.08823529411764706
0.2
0.037037037037037035
0.3404255319148936
0.34146341463414637
0.45714285714285713
0.46511627906976744
0.6190476190476191
0.23684210526315788
0.11538461538461539
0.0
0.0
0.24390243902439024
0.5
0.5
0.2916666666666667
0.045454545454545456
0.30434782608695654
0.08620689655172414
0.09375
0.23684210526315788
0.24324324324324326
0.15384615384615385
0.3
0.21568627450980393
0.1276595744680851
0.27906976744186046
0.09090909090909091
0.16883116883116883
0.15384615384615385
0.18571428571428572
0.22727272727272727
0.2777777777777778
0.28846153846153844
0.20930232558139536
0.2261904761904762
0.15625
0.3829787234042553
0.5
0.3333333333333333
0.10666666666666667
0.14285714285714285
0.1574074074074074
0.25
0.15384615384615385
0.13636363636363635
0.14285714285714285
0.375
0.5
0.08
0.14285714285714285
0.04
0.2682926829268293
0.14285714285714285
0.1111111111111111
0.0
0.08108108108108109
0.0
0.0
0.09375
0.06451612903225806
0.10256410256410256
0.07017543859649122
0.043478260869565216
0.0
0.02
0.0
0.30303030303030304
0.2
0.04
0.3076923076923077
0.0967741935483871
0.11538461538461539
0.1111111111111111
0.13636363636363635
0.07692307692307693
0.10714285714285714
0.08695652173913043
0.38461538461538464
0.21153846153846154
0.32142857142857145
0.275
0.5555555555555556
0.5
0.2
0.17073170731707318
0.20408163265306123
0.2549019607843137
0.18518518518518517
0.3684210526315789
0.32558139534883723
0.2631578947368421
0.4
0.225
0.23529411764705882
0.14285714285714285
0.6363636363636364
0.5
0.4166666666666667
0.4482758620689655
0.16
0.23529411764705882
0.25
0.3076923076923077
0.10526315789473684
0.1
1.2857142857142858
0.2
0.0
0.22
0.02631578947368421
0.0
0.04918032786885246
0.04918032786885246
0.02564102564102564
0.04
0.047619047619047616
0.2222222222222222
0.07142857142857142
0.0
0.0
0.06818181818181818
0.043478260869565216
0.13636363636363635
0.09433962264150944
0.03571428571428571
0.275
0.2222222222222222
0.225
0.10344827586206896
0.24324324324324326
0.14893617021276595
0.3333333333333333
0.0
0.0
0.23333333333333334
0.06666666666666667
0.0
0.09090909090909091
0.26666666666666666
0.0
0.05263157894736842
0.2727272727272727
0.14545454545454545
0.13333333333333333
0.07317073170731707
0.4
0.0
0.018867924528301886
0.17142857142857143
0.05263157894736842
0.0
0.10526315789473684
0.0
0.21739130434782608
0.1891891891891892
0.08108108108108109
0.02857142857142857
0.16129032258064516
0.08333333333333333
0.044444444444444446
0.1875
0.20930232558139536
0.16129032258064516
0.16666666666666666
0.14285714285714285
0.2777777777777778
0.09090909090909091
0.10204081632653061
0.21052631578947367
0.17857142857142858
0.14285714285714285
0.08333333333333333
0.037037037037037035
0.42857142857142855
0.11627906976744186
0.21428571428571427
0.12121212121212122
0.07317073170731707
0.23076923076923078
0.0967741935483871
0.7142857142857143
0.0
0.0
0.0
0.225
0.17391304347826086
0.2
0.0
0.14634146341463414
0.20689655172413793
0.14285714285714285
0.19230769230769232
0.0851063829787234
0.09090909090909091
0.16
0.07692307692307693
0.07142857142857142
0.0
0.29545454545454547
0.06666666666666667
0.0
0.09523809523809523
0.14814814814814814
0.0
0.0
0.10344827586206896
0.06666666666666667
0.09090909090909091
0.0
0.0
0.0
0.0
0.041666666666666664
0.0
0.23333333333333334
0.16666666666666666
0.38461538461538464
0.02564102564102564
0.06976744186046512
0.10810810810810811
0.25925925925925924
0.0
0.1111111111111111
0.15
0.1111111111111111
0.07142857142857142
0.045454545454545456
0.1076923076923077
0.42857142857142855
0.3333333333333333
0.13793103448275862
0.08333333333333333
0.058823529411764705
0.09090909090909091
0.10256410256410256
0.08
0.13636363636363635
0.12121212121212122
0.15
0.20833333333333334
0.19047619047619047
0.09615384615384616
0.17857142857142858
0.0
0.13725490196078433
0.22580645161290322
0.24
0.0
0.0
0.0
0.02
0.10526315789473684
0.08695652173913043
0.23076923076923078
0.1368421052631579
0.022222222222222223
0.0851063829787234
0.043478260869565216
0.0
0.17391304347826086
0.030303030303030304
0.061224489795918366
0.06976744186046512
0.3125
0.0
0.16666666666666666
0.09090909090909091
0.12903225806451613
0.03333333333333333
0.25925925925925924
0.0
0.3333333333333333
0.05
0.2
0.0
0.3125
0.25
0.0
0.18181818181818182
0.2
0.03225806451612903
0.07692307692307693
0.43243243243243246
0.03571428571428571
0.18181818181818182
0.3
0.043478260869565216
0.4117647058823529
0.16129032258064516
0.2
0.04838709677419355
0.1282051282051282
0.30612244897959184
0.11538461538461539
0.10714285714285714
0.24
0.14
0.20930232558139536
0.34615384615384615
0.034482758620689655
0.375
0.21052631578947367
0.045454545454545456
0.25
0.23809523809523808
0.8571428571428571
0.07692307692307693
0.2
0.2830188679245283
0.1111111111111111
0.2857142857142857
0.25
0.0
0.05405405405405406
0.10526315789473684
0.0
0.0
0.18
0.19047619047619047
0.2
0.21052631578947367
0.16666666666666666
0.1111111111111111
0.08695652173913043
0.0425531914893617
0.15217391304347827
0.18181818181818182
0.3181818181818182
0.37037037037037035
0.11363636363636363
0.25
0.0
0.1935483870967742
0.07407407407407407
0.2222222222222222
0.06060606060606061
0.2727272727272727
0.0
0.3157894736842105
0.15384615384615385
0.0
0.37037037037037035
0.20754716981132076
0.1111111111111111
0.11764705882352941
0.1875
0.25
0.058823529411764705
0.0
0.17647058823529413
0.09090909090909091
0.0
0.47368421052631576
0.22727272727272727
0.0
0.2777777777777778
0.3333333333333333
0.0
0.0
0.2916666666666667
0.0
0.625
0.125
0.034482758620689655
0.18181818181818182
0.1111111111111111
0.28
0.2
0.2
0.7
0.16
0.1875
0.20833333333333334
0.21428571428571427
0.034482758620689655
0.3076923076923077
0.13043478260869565
0.36363636363636365
0.13636363636363635
0.0
0.041666666666666664
0.26666666666666666
0.1111111111111111
0.0
0.0
0.09090909090909091
0.022222222222222223
0.17647058823529413
0.36363636363636365
0.3333333333333333
0.17142857142857143
0.0
0.15517241379310345
0.21518987341772153
0.4444444444444444
0.21428571428571427
0.21951219512195122
0.06666666666666667
0.13725490196078433
0.17647058823529413
0.6
0.14583333333333334
0.15151515151515152
0.13333333333333333
0.34210526315789475
0.36764705882352944
0.17857142857142858
0.39473684210526316
0.0
0.3333333333333333
0.07142857142857142
0.14285714285714285
0.14285714285714285
0.06382978723404255
0.09230769230769231
0.0989010989010989
0.17333333333333334
0.2857142857142857
0.16666666666666666
0.2857142857142857
0.043478260869565216
0.09090909090909091
0.32
0.08571428571428572
0.19230769230769232
0.0
0.4166666666666667
0.1746031746031746
0.1
0.28888888888888886
0.14285714285714285
0.14285714285714285
0.47619047619047616
0.25
0.2857142857142857
0.7
0.35714285714285715
0.2413793103448276
0.26666666666666666
0.20754716981132076
0.42105263157894735
0.2857142857142857
0.14
0.25
0.3
0.2916666666666667
0.038461538461538464
0.2222222222222222
0.058823529411764705
0.2222222222222222
0.024390243902439025
0.24
0.07142857142857142
0.1836734693877551
0.22826086956521738
0.05
0.2916666666666667
0.24242424242424243
0.1896551724137931
0.09090909090909091
0.17073170731707318
0.42105263157894735
0.3333333333333333
0.2826086956521739
0.0
0.22058823529411764
0.11904761904761904
0.125
0.2682926829268293
0.5
0.24390243902439024
0.18181818181818182
0.4827586206896552
0.2558139534883721
0.3939393939393939
0.46153846153846156
0.3157894736842105
0.19047619047619047
0.10909090909090909
0.06666666666666667
0.0
0.06896551724137931
0.18604651162790697
0.7142857142857143
0.2
0.09523809523809523
0.29333333333333333
0.34615384615384615
0.1111111111111111
0.3125
0.05
0.13513513513513514
0.13513513513513514
0.15384615384615385
0.3125
0.2647058823529412
0.5
0.3888888888888889
0.14
0.36363636363636365
0.2222222222222222
0.1111111111111111
0.07407407407407407
0.20408163265306123
0.31868131868131866
0.16666666666666666
0.029411764705882353
0.058823529411764705
0.1076923076923077
0.13636363636363635
0.25
0.1875
0.08620689655172414
0.21568627450980393
0.19444444444444445
0.10256410256410256
0.1724137931034483
0.24
0.16666666666666666
0.20833333333333334
0.07272727272727272
0.3111111111111111
0.08333333333333333
0.3611111111111111
0.1568627450980392
0.0
0.14285714285714285
0.10416666666666667
0.03333333333333333
0.13333333333333333
0.3076923076923077
0.3333333333333333
0.5454545454545454
0.24242424242424243
0.25806451612903225
0.11764705882352941
0.2682926829268293
0.3548387096774194
0.16666666666666666
0.18181818181818182
0.4
0.13793103448275862
0.4666666666666667
0.5714285714285714
0.19047619047619047
0.36363636363636365
0.03125
0.17307692307692307
0.5
0.2857142857142857
0.03125
0.05
0.047619047619047616
0.5
0.15384615384615385
0.36363636363636365
0.16216216216216217
0.06451612903225806
0.20833333333333334
0.15
0.0
0.34615384615384615
0.09375
0.3170731707317073
