32
11
29
32
9
57
4
31
23
63
28
5
30
4
11
14
13
4
35
62
1
100
31
10
31
31
1
65
1
38
15
20
31
23
18
1
1
108
18
84
188
8
28
1
7
36
38
38
1
6
8
1
57
9
13
17
1
56
9
31
1
117
27
1
1
1
1
1
1
5
38
28
98
30
12
10
12
9
47
23
29
44
66
43
6
36
1
1
1
90
35
106
9
38
1
52
18
37
10
34
74
63
17
24
112
52
31
56
85
32
55
33
4
21
35
52
52
23
81
16
26
1
3
14
42
29
17
9
1
11
20
80
31
36
25
30
6
53
1
1
47
24
31
12
43
60
48
79
15
1
11
11
14
21
16
89
3
4
9
5
7
19
1
29
33
1
4
20
12
71
18
3
16
58
24
27
17
29
3
35
3
1
16
22
45
18
11
64
41
1
21
3
6
18
14
1
8
62
11
36
20
17
6
13
69
11
1
39
3
25
56
14
12
9
33
14
37
7
21
1
52
37
34
21
16
49
13
54
20
32
64
1
10
3
36
1
7
14
49
8
1
54
7
2
15
2
1
7
27
98
15
26
74
17
15
5
36
21
30
13
1
10
83
8
2
40
13
24
30
11
15
1
62
38
12
4
1
7
8
6
17
8
11
1
2
70
43
9
72
13
7
15
13
19
99
14
86
19
7
40
27
104
14
10
31
9
1
1
30
4
78
116
14
20
32
45
31
32
2
37
13
5
19
42
22
46
127
41
17
16
32
75
16
3
12
21
31
27
45
4
5
20
26
17
1
32
14
21
8
4
7
7
30
11
10
12
20
3
5
5
1
12
1
37
3
1
14
14
19
1
27
29
25
30
41
1
1
3
3
1
23
5
43
30
19
44
14
45
70
21
34
9
44
3
29
1
6
21
70
23
29
12
65
3
19
9
45
7
4
1
1
10
14
12
22
3
3
57
15
19
8
39
43
58
8
15
19
45
2
7
18
1
33
21
14
4
17
52
16
19
10
37
86
12
128
5
27
41
1
11
53
59
9
11
27
30
18
1
23
16
16
19
22
1
29
42
57
1
11
9
13
92
16
25
77
36
26
23
38
21
37
12
50
2
7
3
18
47
55
15
7
50
40
17
37
15
1
30
4
37
18
64
6
19
82
101
35
5
4
22
4
84
27
38
15
16
74
25
95
13
35
44
50
1
6
13
13
18
45
33
1
24
7
6
8
18
11
25
8
3
26
25
99
9
12
24
24
21
11
23
6
20
2
8
24
34
17
10
75
13
15
50
34
6
31
4
43
5
33
65
21
14
35
11
1
1
1
16
9
35
1
6
17
1
1
27
18
7
7
6
1
9
3
47
13
14
28
19
37
6
25
22
7
1
17
76
10
27
13
1
76
6
61
23
34
53
14
6
9
66
19
107
82
22
9
29
20
14
50
11
5
12
6
28
32
13
17
10
1
1
9
1
1
8
3
5
19
9
10
13
1
5
3
41
2
68
8
23
8
6
35
94
43
17
10
8
8
7
7
44
29
69
73
8
11
36
9
28
1
61
71
3
1
8
2
15
10
23
4
15
3
5
47
27
1
14
18
35
13
25
8
18
7
8
12
89
5
14
46
17
10
60
71
1
1
2
30
3
25
25
3
40
8
22
1
13
12
55
1
1
7
17
10
62
17
17
8
7
37
1
26
11
15
12
5
11
8
7
58
1
10
64
22
45
5
32
57
15
8
2
13
40
27
18
32
16
12
10
4
8
11
11
1
3
2
1
1
9
7
3
12
2
67
1
6
13
13
46
1
16
12
1
4
9
25
43
9
10
33
11
11
19
4
15
13
67
1
4
44
5
24
44
12
1
48
28
6
18
15
6
1
13
1
12
14
26
28
16
3
1
25
1
4
1
23
2
1
6
2
7
20
23
15
11
32
1
29
26
16
36
6
16
54
5
18
51
38
9
12
1
13
1
23
20
8
5
13
7
19
9
36
20
12
24
22
8
26
8
28
27
1
14
78
25
15
14
1
35
21
50
11
1
11
84
12
1
6
5
5
20
17
12
9
11
26
40
16
9
39
43
50
42
21
4
2
1
26
19
79
12
42
1
14
57
42
1
7
36
20
14
19
63
5
7
14
45
60
34
9
45
29
26
13
21
14
4
28
0
1
29
2
7
6
14
14
32
0
15
46
43
30
37
9
28
88
15
14
10
24
3
22
0
10
12
19
2
6
8
19
10
25
4
20
26
18
28
21
2
21
57
16
16
21
11
33
25
11
10
22
33
10
12
52
9
8
26
43
37
53
1
74
45
44
12
1
1
8
116
15
7
16
34
6
20
1
12
33
27
3
5
21
97
1
21
65
70
9
13
1
0
3
40
3
2
48
54
46
90
29
21
4
4
31
14
45
22
7
0
52
22
2
31
2
5
1
48
3
5
16
3
16
5
4
8
2
56
3
20
51
1
12
67
12
2
19
9
5
14
22
1
31
3
34
15
2
1
24
52
1
67
31
14
10
2
1
0
28
41
11
44
32
12
29
138
29
11
49
2
93
24
6
21
12
1
3
3
31
4
8
34
28
10
36
11
29
20
3
0
34
1
25
31
33
29
1
3
24
4
17
7
19
7
2
40
23
8
5
28
42
45
9
1
3
8
0
1
1
58
49
0
61
41
17
1
55
53
21
30
20
23
22
43
50
42
27
30
13
82
12
85
22
44
16
32
127
85
10
50
5
12
16
17
15
43
59
10
7
12
7
10
26
7
12
6
34
27
39
19
43
45
22
21
7
8
38
52
19
3
16
21
19
26
6
3
12
4
7
1
12
36
27
41
38
51
72
72
13
97
8
23
15
22
30
13
27
16
23
33
20
10
25
15
55
4
10
90
29
22
10
1
63
58
3
4
10
5
40
6
6
1
1
5
6
37
16
2
38
10
16
1
15
21
63
2
5
49
14
24
28
1
15
1
1
7
10
7
21
39
2
46
6
24
5
14
13
19
10
44
20
9
9
19
31
7
50
40
3
1
1
6
21
1
36
22
1
7
35
1
4
5
4
48
1
11
26
6
4
4
5
1
6
17
40
3
13
12
9
3
12
5
67
14
12
7
31
61
17
41
1
13
3
8
16
3
22
33
93
1
1
87
22
8
16
21
14
9
44
1
14
18
31
1
16
1
21
7
5
12
8
8
2
7
25
4
8
31
9
11
1
13
78
12
5
8
43
15
40
138
1
7
27
18
52
0
1
3
44
45
21
22
11
28
21
8
25
11
10
1
1
12
97
25
27
7
35
10
6
50
9
5
9
28
140
19
197
38
23
1
7
4
6
13
65
2
3
1
7
30
33
40
25
36
1
3
16
4
5
3
15
24
9
34
7
8
1
31
21
34
1
9
25
16
1
19
16
1
3
5
8
32
16
16
42
16
4
1
13
1
6
42
34
126
53
53
74
84
5
20
44
6
59
54
5
27
25
14
58
36
6
25
60
2
24
1
1
3
14
1
14
19
13
15
16
7
12
68
26
1
38
12
38
12
18
3
1
0
21
24
3
12
16
15
15
6
21
1
82
1
25
1
51
25
19
17
5
15
31
2
1
5
6
16
2
26
11
46
6
21
4
17
8
9
16
91
20
10
25
36
21
2
5
19
8
2
19
10
1
3
13
20
1
1
0
5
10
6
0
17
34
14
1
22
6
1
25
11
1
48
2
74
16
6
1
80
23
0
22
4
3
5
5
7
3
1
18
35
9
32
20
3
11
1
1
1
3
9
20
2
3
2
21
15
1
79
15
73
5
3
16
38
1
7
17
33
24
13
2
3
6
3
5
3
8
22
17
18
45
11
23
45
27
40
34
33
23
23
61
6
40
0
20
7
1
7
20
9
9
0
1
1
22
9
33
9
73
51
2
40
2
28
21
29
24
62
4
52
11
34
1
17
22
14
7
17
1
82
35
43
51
35
13
11
26
37
4
1
2
38
22
12
13
31
24
35
41
2
28
32
61
34
29
17
1
9
22
27
2
5
2
52
30
1
13
2
43
3
48
91
6
3
5
1
3
22
30
3
24
105
22
9
37
27
12
5
19
28
9
3
5
15
44
2
15
27
3
1
11
13
8
24
20
17
5
40
29
1
86
10
59
64
13
3
10
15
63
45
40
1
46
5
53
21
5
42
55
61
1
1
21
36
30
24
37
50
91
69
21
26
39
19
10
59
39
11
8
19
2
7
3
94
1
37
2
30
21
1
47
33
0
42
8
20
4
12
40
18
44
41
40
74
3
61
8
76
112
95
47
21
3
10
36
13
34
16
35
115
1
17
16
43
3
7
83
12
14
20
11
26
22
8
36
10
14
77
43
70
2
1
49
26
7
41
81
1
13
38
12
31
12
21
15
62
1
9
18
1
2
29
8
4
54
8
26
60
21
3
3
33
2
27
12
26
15
4
1
17
34
24
41
21
10
19
7
54
30
63
62
38
48
11
1
1
41
37
11
68
3
29
27
19
90
43
67
35
71
38
43
42
104
60
115
91
34
97
127
146
37
61
118
19
64
166
144
70
7
40
24
67
12
7
5
20
40
29
15
1
33
2
1
11
10
38
15
4
1
16
0
43
74
4
29
6
6
14
7
4
22
6
51
40
26
50
15
38
2
43
52
99
18
40
55
30
21
64
59
4
6
81
77
54
28
11
44
16
20
8
11
28
1
75
2
2
8
13
3
2
8
46
41
1
2
18
10
31
34
2
98
31
72
23
45
57
77
0
1
28
28
1
31
51
1
4
42
61
41
44
7
1
8
17
8
2
5
1
22
61
40
15
22
12
14
9
32
70
17
4
88
6
33
30
20
19
53
3
17
24
8
16
33
30
15
28
0
1
1
53
29
34
1
29
29
11
30
61
10
13
13
3
1
56
2
1
13
27
1
1
12
4
10
1
0
2
1
2
0
19
99
81
8
45
22
26
0
17
30
17
30
3
9
6
28
24
4
26
24
59
25
18
15
103
57
13
44
26
1
30
67
26
1
1
1
9
17
49
9
123
10
31
36
2
43
5
63
8
20
1
3
4
35
9
32
1
10
2
13
1
13
28
2
34
10
13
19
110
13
80
9
24
16
44
80
30
58
109
18
4
29
44
50
34
3
50
6
5
64
70
17
8
59
83
22
41
12
0
15
43
1
1
68
15
32
52
10
41
12
27
59
11
21
45
30
30
1
33
18
54
29
12
0
68
5
1
29
62
3
26
7
13
4
1
9
3
1
19
31
0
15
53
2
1
20
2
7
9
2
43
2
21
7
10
10
19
9
25
20
3
7
8
6
13
1
13
45
19
1
1
2
16
29
48
38
22
1
50
90
24
73
39
13
69
35
51
52
49
16
65
135
24
52
0
36
5
37
11
31
74
80
121
26
11
3
2
4
45
21
5
2
30
59
15
60
2
2
32
53
11
18
60
113
49
86
24
14
49
47
7
26
2
17
16
18
2
73
6
63
114
10
89
67
47
14
30
17
17
46
6
85
32
8
41
11
48
22
51
46
47
24
26
56
32
10
1
21
51
25
12
17
123
60
3
117
2
22
17
12
37
37
35
34
42
18
7
11
9
37
166
43
4
29
35
18
14
5
43
71
46
15
39
78
9
35
34
117
35
65
66
0
11
52
3
9
98
119
17
23
32
21
67
30
2
5
9
9
12
50
61
35
7
75
34
21
3
9
6
52
4
11
37
19
29
17
1
51
20
59
