0.941176470588235
4.77142857142857
1.5
0.84
1
1.47368421052632
1.47826086956522
2.48
2.1
3.06451612903226
2.88
1.11764705882353
1.61111111111111
1.24242424242424
0
4.58823529411765
0.833333333333333
2.78947368421053
5
3.5
3.30555555555556
2
1.21428571428571
1.6
3.06451612903226
1.25
3.46666666666667
5.69230769230769
2.69230769230769
3.45833333333333
1.78947368421053
7
2.41176470588235
6.46666666666667
0.470588235294118
0.909090909090909
1.8
10.2857142857143
2.83333333333333
3.83333333333333
3.25
1.26666666666667
3.66666666666667
3.82352941176471
3.25
3.78378378378378
2.25
1.05263157894737
2.92307692307692
34.9565217391304
0.421052631578947
2.59259259259259
3.69090909090909
7.15
5.4
4.35
7.45
1.42857142857143
5.59259259259259
9.74074074074074
1
4.3030303030303
5.8125
1.52173913043478
2.81818181818182
2.41935483870968
7.23684210526316
3.43478260869565
3.4
7.47058823529412
0.727272727272727
0.1
3.92857142857143
0
3.5
4.61111111111111
1.15384615384615
6.32352941176471
0
2.75862068965517
3.57142857142857
3.06896551724138
7.375
1.72222222222222
14.6666666666667
1.38888888888889
2.8
0.80952380952381
2.1875
0.571428571428571
0.666666666666667
4.125
3.26315789473684
0.461538461538462
6.6
6.2
2.125
2.38095238095238
3.81818181818182
1
23.037037037037
2.39393939393939
3.7
1.76470588235294
4.38095238095238
2.71428571428571
6.21428571428571
2.92857142857143
2.38888888888889
0
4.27272727272727
2.73684210526316
3.15384615384615
2.54166666666667
1.7
1.25
4.68181818181818
4.81818181818182
2
2
3.11764705882353
3.77272727272727
1.63636363636364
2.73684210526316
6.80555555555556
3.66666666666667
4.84210526315789
9.80952380952381
2.55555555555556
5.27272727272727
5.84
2.07272727272727
4.97058823529412
2.85714285714286
6.10344827586207
0.384615384615385
5.59615384615385
1.81818181818182
14.0344827586207
13.7619047619048
1.85106382978723
7.25
2.74193548387097
4.5
6.38461538461539
5.17857142857143
1.26470588235294
10
7.15384615384615
3.125
16.1944444444444
5.06451612903226
2.48
4.51428571428571
0.9375
4.325
2.31818181818182
1.69230769230769
3.5609756097561
1.09090909090909
1.8125
8.47058823529412
0.458333333333333
7.76923076923077
4.65
5.22222222222222
0.333333333333333
2.65625
3.8
6.04545454545455
2.97142857142857
0.666666666666667
17.875
5.33333333333333
42.5555555555556
4.80645161290323
1.25
0.571428571428571
2.13333333333333
4.6530612244898
1.15789473684211
1.21739130434783
1.08333333333333
6.43333333333333
2.39024390243902
0.52
52.0909090909091
13.64
2.78260869565217
2.33333333333333
0.375
3.58333333333333
3.2
7.92857142857143
5.21428571428571
17.6470588235294
2.14545454545455
5.23809523809524
5.82758620689655
2.33333333333333
1.72413793103448
3.85714285714286
0.909090909090909
2.61111111111111
2.90697674418605
5.44444444444444
2.625
1.81818181818182
2.18181818181818
0.4
1.48484848484848
1.95454545454545
1.18181818181818
1.42105263157895
7.675
5.08333333333333
3.35714285714286
0
9.03846153846154
1
1.61538461538462
1.09090909090909
1.5625
3.64705882352941
2.21428571428571
0.1
11
1.38461538461538
6
0.454545454545455
0.346153846153846
1.10526315789474
3.06666666666667
2.2962962962963
0.674418604651163
1.84
2.82352941176471
4.375
0.636363636363636
4.04166666666667
0.905660377358491
3.41666666666667
7.5
1.8125
4
1.53846153846154
1.93333333333333
3.63636363636364
1.5
3.22222222222222
4.55555555555556
4.42105263157895
4.78947368421053
25.0526315789474
0.916666666666667
5.73076923076923
4.7906976744186
14.1875
1
4.13953488372093
1.25
2.27272727272727
2.23076923076923
7.65217391304348
11.55
2.23529411764706
4.85
26.9
1.05555555555556
5
1.83333333333333
0.769230769230769
3.36363636363636
1.47619047619048
4.52631578947368
5.41666666666667
3.22727272727273
1.54545454545455
3.14814814814815
0.9375
1.8695652173913
3.46875
8.4
4.73684210526316
2.87878787878788
0.272727272727273
6.5
0.914285714285714
5.11111111111111
1.83333333333333
1.52631578947368
2.26666666666667
1.4
1.625
2.66666666666667
0.0769230769230769
1.48
6.13333333333333
4.03846153846154
2.45833333333333
5.27272727272727
0.9
1.92857142857143
0
4.65625
8.54285714285714
1.75
0.5625
3.64285714285714
3.78571428571429
3.6969696969697
6.4
3.4
6.2
1.85106382978723
2.95348837209302
1.14285714285714
5.725
2.38297872340426
2.5679012345679
1.07142857142857
2.15384615384615
2.53846153846154
2.1
2.125
4.52272727272727
0.217391304347826
2.07142857142857
1.11538461538462
3
0.533333333333333
1.6969696969697
0.666666666666667
0.0555555555555556
1.92
7.19047619047619
1.14285714285714
2.16666666666667
2.31428571428571
1.47916666666667
6.72727272727273
6.1875
2.38095238095238
6.41666666666667
3.33333333333333
2.625
4.575
0
1.125
3.875
2.27450980392157
2
4.6875
12.0625
9.58620689655172
6.76190476190476
2.1875
15.5483870967742
3
2.16
2.35897435897436
1.94871794871795
1.08108108108108
4.23333333333333
1.06666666666667
3.125
1
0.769230769230769
2.1625
0.727272727272727
2.3
0.916666666666667
6.94736842105263
3.80952380952381
1.03448275862069
6.61538461538461
2.77272727272727
2.66666666666667
2.10526315789474
0.727272727272727
1.6
1.5
0.689655172413793
6.11111111111111
0.785714285714286
2.80769230769231
0.857142857142857
0.444444444444444
0.722222222222222
0.2
3.29411764705882
2.96666666666667
4.66666666666667
0.1
0
2.11764705882353
0
1.1
2.30769230769231
6.9375
0.315789473684211
2.92857142857143
2
7.4
0.692307692307692
2.14285714285714
3.18181818181818
2.17307692307692
5.21052631578947
1.14705882352941
2.57142857142857
4.65714285714286
0.25
2.85714285714286
4.80769230769231
2.4
7.91428571428571
0
4.34615384615385
0.592592592592593
2.21428571428571
2.46153846153846
1.84375
2.92592592592593
5.47058823529412
5.77777777777778
4.77272727272727
2.75
3
6.125
3.82352941176471
2.08823529411765
3.07407407407407
0.75
1.09090909090909
1.63636363636364
0.461538461538462
1.62962962962963
1.03703703703704
1.94594594594595
1.83333333333333
2.5625
1.15384615384615
5.41176470588235
0.352941176470588
2.63636363636364
1.5
1.31034482758621
2.44444444444444
3
1.76470588235294
1.90909090909091
2.73333333333333
8.40909090909091
1.25
0.5
1.33333333333333
4.66666666666667
1.25
3.04545454545455
0.941176470588235
1.41176470588235
0.545454545454545
1.7
1.46153846153846
4.15789473684211
2.8
1.63636363636364
7.42105263157895
3.66666666666667
1.73684210526316
1.85714285714286
0.166666666666667
1.76470588235294
1.47368421052632
3.90909090909091
3.52380952380952
1.8
2.5
0.0769230769230769
0.352941176470588
1.23529411764706
0.3
0.666666666666667
4.125
1.77777777777778
2.89655172413793
2.05263157894737
1.85714285714286
6
2.6
3.59259259259259
0.476190476190476
1.71428571428571
0.75
6.18181818181818
2.34210526315789
4.89473684210526
3.96
3.83333333333333
0.684210526315789
7.04545454545455
2.5625
2.21428571428571
24.5
4.54838709677419
5.92857142857143
16.4375
6.83333333333333
3.2
2.5
7.63157894736842
0.695652173913043
3.5
5.7
9.33333333333333
3.71428571428571
5.83333333333333
5.4
1.875
1.65853658536585
5.92682926829268
8.25
1.88235294117647
3.35294117647059
6.22916666666667
1.94736842105263
5
4.5
4.85714285714286
4.5
1.71428571428571
12.25
4.91428571428571
5.45454545454545
2.74074074074074
4.8
3
1.75675675675676
1.89473684210526
6.58823529411765
1.07692307692308
2.05882352941176
9
4.81818181818182
4.61290322580645
1.6551724137931
6.64705882352941
6.15789473684211
2.30769230769231
2.11538461538462
0.970588235294118
0.833333333333333
4.96
3.69642857142857
3.18181818181818
10.6666666666667
5.51724137931035
2.52380952380952
3.46153846153846
6.53846153846154
4.4
4.45454545454545
1
2.25
4.11111111111111
4.23076923076923
3.10869565217391
1.4
14
5.19230769230769
3.96875
7.625
2.46153846153846
4.8
6.5
2.95652173913043
5.27027027027027
4.96428571428571
5.75
3.89655172413793
3.56666666666667
3.70588235294118
5.87755102040816
3
4.46875
5.4390243902439
2.0952380952381
5.15909090909091
0.3
12.5882352941176
1.42857142857143
4.08
11.6666666666667
12.4285714285714
7.80645161290323
3.25
1.6
2.5
3.64516129032258
3.82978723404255
10
1.90909090909091
7.5625
3.17647058823529
5.11627906976744
6.74074074074074
2.52631578947368
1.84615384615385
9.62068965517241
1.875
6.76923076923077
1.5
4.88888888888889
2.97142857142857
5.3
1.23529411764706
1.91666666666667
6.18518518518519
3.8695652173913
5.72972972972973
2.75
2.13333333333333
0.529411764705882
5.33333333333333
8.33333333333333
10.6451612903226
2.30434782608696
1.5
9.67857142857143
5.88888888888889
3.19047619047619
2
6.22857142857143
5.68421052631579
6.83720930232558
1.55555555555556
2.83333333333333
2.41935483870968
2.9
0.636363636363636
1.76
1.11764705882353
3.11111111111111
1.9
5.69565217391304
0.583333333333333
0.5
2.07317073170732
1.4375
2.45945945945946
1.9
6.42105263157895
5.51219512195122
2.55555555555556
1.28260869565217
0.933333333333333
2
2.41666666666667
4.97222222222222
6.29166666666667
7.85185185185185
2.03333333333333
1.85714285714286
3.61538461538462
4.5
1.67857142857143
2.35714285714286
2.07142857142857
9.03030303030303
1.84
2.96153846153846
5.08163265306122
3.4
1.7906976744186
3.31578947368421
5.76923076923077
1.42857142857143
3.86046511627907
3.28571428571429
1.75
8.91304347826087
1.16666666666667
1
3.9375
1.77272727272727
1.0952380952381
1.42857142857143
12.3809523809524
1.93478260869565
7.27777777777778
3.76744186046512
3.06666666666667
4.88
3
5.61538461538461
4.39393939393939
0.708333333333333
7.14893617021277
4.92452830188679
6.05
3.60606060606061
3.42857142857143
4.2
4.23809523809524
6.94444444444444
8.66666666666667
4.88888888888889
4.23809523809524
11.6363636363636
4.91304347826087
7.52941176470588
14.64
3.93333333333333
2.06666666666667
3.25
3.07547169811321
0.8
12.9166666666667
4.66666666666667
1.21428571428571
1.64
6.29268292682927
2.74193548387097
10.9444444444444
4.31578947368421
1.4
5.52083333333333
1.79166666666667
3.16129032258065
3.9047619047619
3.8
1.65789473684211
2.63636363636364
1.90909090909091
4.64285714285714
2.34883720930233
1.83333333333333
4.25
2.71428571428571
4.29166666666667
1.5
0.235294117647059
1
3.27272727272727
8
2.14285714285714
0.866666666666667
4.64285714285714
5.10416666666667
1.27777777777778
2.52777777777778
0.0454545454545455
10.4
3.2962962962963
3.26086956521739
2.63157894736842
9.25
13.4444444444444
3
1.90566037735849
3.37037037037037
2.23076923076923
3.33333333333333
3.7
3.68
1.62857142857143
4.76470588235294
3.89473684210526
3.33333333333333
1.71875
2.19148936170213
3.65957446808511
5.16129032258065
4.66666666666667
2.63829787234043
1.80952380952381
4.725
1.27777777777778
0.111111111111111
1.18518518518519
2.29411764705882
2.06666666666667
6.375
1.4
1.29411764705882
2.85
1.33333333333333
3.31818181818182
6.02380952380952
3.69047619047619
1.91666666666667
3.54545454545455
8.03448275862069
1.31818181818182
1.375
9
3
3.30232558139535
2.07692307692308
1.33333333333333
1.88235294117647
1.53846153846154
5.86153846153846
2.92307692307692
2.03846153846154
9.03846153846154
2.16666666666667
4.9
3
3.80281690140845
4.49056603773585
6.28125
1.71052631578947
3.5
2.14285714285714
5
2.13513513513514
3.46666666666667
0.846153846153846
3.70833333333333
5.28571428571429
1.57142857142857
2.90196078431373
1.4375
4.32432432432432
1.11320754716981
1.39285714285714
2.33333333333333
12.03125
3.37931034482759
4.575
7.18181818181818
9.04761904761905
4.5
3.98
2.9375
2.86363636363636
3.75
4.92307692307692
1.5
2.45454545454545
5.5
5.46153846153846
2.18181818181818
2.52380952380952
3.03333333333333
1.2
1.41379310344828
2.52631578947368
0.5
2.425
0.466666666666667
2.22222222222222
1.66666666666667
4.125
4.37142857142857
1.86666666666667
1.9375
2.07142857142857
4.02941176470588
6.23076923076923
0.214285714285714
3.57777777777778
1.05
0.8
0
1.44444444444444
5.18032786885246
4.21212121212121
1.96774193548387
1.02777777777778
2.04347826086957
1.7
2.9375
2.19642857142857
0.352941176470588
2.92307692307692
4.26086956521739
6.275
1.13333333333333
3.06
5.5
2.17142857142857
4.14545454545455
2.28571428571429
4.16666666666667
1.43478260869565
2.78571428571429
3.78947368421053
3.05555555555556
7.85185185185185
3.53333333333333
3.37037037037037
1.23809523809524
2
1.73333333333333
3.89655172413793
5.47058823529412
2.25925925925926
7.33333333333333
6.82926829268293
0.538461538461538
3.36585365853659
0.975
1.83333333333333
1.03448275862069
4.05555555555556
3.63157894736842
0
3.04347826086957
2.26470588235294
0.428571428571429
4.68421052631579
1.57142857142857
1.54054054054054
1.77272727272727
5.5
0.75
5.47058823529412
0.777777777777778
1.5625
4.32432432432432
1.5
3.27027027027027
2.68965517241379
14.75
54.1333333333333
4.97826086956522
0.714285714285714
2.72222222222222
2.75
0.846153846153846
7.29166666666667
2.47368421052632
3.8
9
4.68421052631579
2.3953488372093
2.36
1.5625
5.3125
3.27586206896552
1.55555555555556
4.34210526315789
2.77272727272727
1.54545454545455
7.92307692307692
2.7
3.11428571428571
3.25806451612903
11.8235294117647
2.85714285714286
2.4
8.71428571428571
2.63636363636364
2.76190476190476
6.94117647058824
3.52777777777778
3.83333333333333
5.76470588235294
3.71052631578947
3.42857142857143
3.85714285714286
