0.11764705882352941
0.375
0.15151515151515152
0.16666666666666666
0.09375
0.15
0.25
0.43478260869565216
0.05
0.24242424242424243
0.2857142857142857
0.12121212121212122
0.21052631578947367
0.22857142857142856
0.0
0.5
0.13043478260869565
0.2777777777777778
0.5384615384615384
0.3333333333333333
0.5121951219512195
0.3125
0.17647058823529413
0.4
0.32142857142857145
0.25
0.6428571428571429
0.5
0.4838709677419355
0.26666666666666666
0.3157894736842105
0.3333333333333333
0.35294117647058826
0.42105263157894735
0.05555555555555555
0.16666666666666666
0.75
0.7647058823529411
1.0
0.6428571428571429
0.4
0.5
0.42857142857142855
0.42105263157894735
0.3684210526315789
0.38636363636363635
0.38095238095238093
0.18181818181818182
0.6
0.23404255319148937
0.05263157894736842
0.23076923076923078
0.4489795918367347
0.631578947368421
0.5
0.19047619047619047
0.3888888888888889
0.125
0.6285714285714286
0.5405405405405406
0.10714285714285714
0.22857142857142856
0.26666666666666666
0.2692307692307692
0.5
0.0625
0.4418604651162791
0.2727272727272727
0.4444444444444444
0.5185185185185185
0.14285714285714285
0.0
0.3333333333333333
0.0
0.5
0.5
0.15384615384615385
0.3783783783783784
0.0
0.06896551724137931
0.375
0.5
0.8333333333333334
0.3684210526315789
0.4375
0.5625
0.5294117647058824
0.1
0.3157894736842105
0.25
0.2
0.3157894736842105
0.25
0.15384615384615385
0.41379310344827586
0.4166666666666667
0.21428571428571427
0.3181818181818182
0.631578947368421
0.3333333333333333
0.5
0.36363636363636365
0.38095238095238093
0.2777777777777778
0.6666666666666666
0.5
0.6666666666666666
0.26666666666666666
0.23529411764705882
0.0
0.4583333333333333
0.47619047619047616
0.4074074074074074
0.43478260869565216
0.2
0.17647058823529413
0.8125
0.13636363636363635
0.14285714285714285
0.7
0.3870967741935484
0.3333333333333333
0.18181818181818182
0.3157894736842105
0.43902439024390244
0.47058823529411764
0.47619047619047616
0.6842105263157895
0.18181818181818182
0.4090909090909091
0.4642857142857143
0.05660377358490566
0.2
0.2558139534883721
0.14285714285714285
0.18181818181818182
0.3018867924528302
0.36363636363636365
0.06896551724137931
0.8888888888888888
0.23404255319148937
0.45
0.32
0.4
0.4666666666666667
0.46875
0.20512820512820512
0.038461538461538464
0.26666666666666666
0.2727272727272727
0.46875
0.6451612903225806
0.3076923076923077
0.275
0.0625
0.2857142857142857
0.3181818181818182
0.2857142857142857
0.47368421052631576
0.18181818181818182
0.125
0.6
0.041666666666666664
0.8
0.4
0.48
0.1111111111111111
0.17142857142857143
0.39285714285714285
0.4782608695652174
0.19444444444444445
0.2
0.5263157894736842
0.32142857142857145
0.4
0.24242424242424243
0.14705882352941177
0.03571428571428571
0.2
0.2391304347826087
0.15789473684210525
0.17391304347826086
0.15384615384615385
0.2413793103448276
0.2926829268292683
0.07692307692307693
0.42857142857142855
0.3157894736842105
0.125
0.5714285714285714
0.058823529411764705
0.5833333333333334
0.29411764705882354
0.23333333333333334
0.27906976744186046
0.47058823529411764
0.21818181818181817
0.3695652173913043
0.36363636363636365
0.6
0.20689655172413793
0.4
0.2564102564102564
0.16666666666666666
0.20833333333333334
0.19047619047619047
0.42857142857142855
0.5
0.3333333333333333
0.25
0.38235294117647056
0.5
0.45454545454545453
0.6666666666666666
0.36904761904761907
0.2727272727272727
0.2777777777777778
0.0
0.3333333333333333
0.25
0.058823529411764705
0.0625
0.4
0.3125
0.29411764705882354
0.0
0.34210526315789475
0.15384615384615385
0.5
0.09090909090909091
0.15384615384615385
0.15789473684210525
0.2777777777777778
0.4666666666666667
0.07142857142857142
0.26666666666666666
0.3
0.5333333333333333
0.09090909090909091
0.23809523809523808
0.11538461538461539
0.45
0.3333333333333333
0.375
0.5555555555555556
0.5454545454545454
0.6
0.4166666666666667
0.12
0.7333333333333333
0.17857142857142858
0.16666666666666666
0.2
0.2222222222222222
0.15384615384615385
0.6666666666666666
0.30952380952380953
0.375
0.047619047619047616
0.3333333333333333
0.17647058823529413
0.3333333333333333
0.5
0.6153846153846154
0.5294117647058824
0.16666666666666666
0.3333333333333333
0.5483870967741935
0.21212121212121213
0.3157894736842105
0.4
0.21428571428571427
0.5714285714285714
0.14285714285714285
0.4
0.7272727272727273
0.28
0.1388888888888889
0.2903225806451613
0.29411764705882354
0.4090909090909091
0.45454545454545453
0.5652173913043478
0.44642857142857145
0.5
0.09090909090909091
0.6190476190476191
0.11764705882352941
0.32
0.36363636363636365
0.15789473684210525
0.37037037037037035
0.25
0.3888888888888889
0.4166666666666667
0.0
0.2727272727272727
0.5714285714285714
0.3333333333333333
0.30434782608695654
0.25
0.09090909090909091
0.35714285714285715
0.0
0.5357142857142857
0.4146341463414634
0.15789473684210525
0.23076923076923078
0.4117647058823529
0.3103448275862069
0.28125
0.6
0.2777777777777778
0.5238095238095238
0.2
0.3404255319148936
0.2857142857142857
0.23809523809523808
0.22916666666666666
0.16049382716049382
0.23529411764705882
0.15
0.38461538461538464
0.36363636363636365
0.15625
0.13333333333333333
0.043478260869565216
0.14285714285714285
0.2
0.4117647058823529
0.0
0.17647058823529413
0.0
0.0
0.34615384615384615
0.22727272727272727
0.07142857142857142
0.5
0.10810810810810811
0.2727272727272727
0.16666666666666666
0.1875
0.17391304347826086
0.2692307692307692
0.3333333333333333
0.0625
0.3333333333333333
0.0
0.3333333333333333
0.41025641025641024
0.2978723404255319
0.2222222222222222
0.3548387096774194
0.6666666666666666
0.5806451612903226
0.5652173913043478
0.35294117647058826
0.3125
0.45454545454545453
0.23076923076923078
0.225
0.25
0.2571428571428571
0.6666666666666666
0.29411764705882354
0.4444444444444444
0.25
0.14285714285714285
0.27631578947368424
0.0
0.22580645161290322
0.17391304347826086
0.6086956521739131
0.45454545454545453
0.22857142857142856
0.26666666666666666
0.34782608695652173
0.4
0.4
0.09090909090909091
0.3181818181818182
0.08333333333333333
0.03333333333333333
0.45161290322580644
0.10714285714285714
0.3333333333333333
0.11764705882352941
0.0
0.1875
0.0
0.22857142857142856
0.40625
0.4117647058823529
0.0
0.0
0.2
0.0
0.4444444444444444
0.2641509433962264
0.4909090909090909
0.05263157894736842
0.4
0.21212121212121213
0.1875
0.26666666666666666
0.375
0.1956521739130435
0.3157894736842105
0.2777777777777778
0.17142857142857143
0.14285714285714285
0.2857142857142857
0.3
0.5
0.25806451612903225
0.52
0.2777777777777778
0.0
0.23333333333333334
0.07407407407407407
0.21428571428571427
0.3076923076923077
0.2702702702702703
0.5806451612903226
0.2777777777777778
0.7777777777777778
0.16666666666666666
0.3448275862068966
0.5833333333333334
0.47368421052631576
0.2222222222222222
0.3333333333333333
0.5333333333333333
0.125
0.21428571428571427
0.2857142857142857
0.15384615384615385
0.21428571428571427
0.1111111111111111
0.36363636363636365
0.22580645161290322
0.42105263157894735
0.36363636363636365
0.358974358974359
0.05555555555555555
0.21739130434782608
0.3684210526315789
0.3076923076923077
0.6
0.17647058823529413
0.7692307692307693
0.23076923076923078
0.5294117647058824
0.5263157894736842
0.2727272727272727
0.0
0.5714285714285714
0.35
0.36363636363636365
0.631578947368421
0.2222222222222222
0.23529411764705882
0.09090909090909091
0.5
0.375
0.8125
0.3181818181818182
0.09090909090909091
0.6842105263157895
0.36
0.15789473684210525
0.42857142857142855
0.08333333333333333
0.35294117647058826
0.21052631578947367
0.42857142857142855
0.4444444444444444
0.3333333333333333
0.3333333333333333
0.0
0.15789473684210525
0.29411764705882354
0.1
0.047619047619047616
0.5405405405405406
0.2857142857142857
0.4827586206896552
0.2631578947368421
0.25
0.4666666666666667
0.41935483870967744
0.2962962962962963
0.047619047619047616
0.3181818181818182
0.125
0.6923076923076923
0.325
0.23809523809523808
0.391304347826087
0.3333333333333333
0.1
0.7142857142857143
0.2765957446808511
0.5833333333333334
0.7272727272727273
0.3333333333333333
0.29411764705882354
0.47058823529411764
0.3125
1.0
0.42857142857142855
0.4782608695652174
0.043478260869565216
0.6666666666666666
0.6666666666666666
0.7
0.6
0.4
0.25
0.625
0.5
0.21428571428571427
0.2857142857142857
0.3225806451612903
0.375
0.5490196078431373
0.20454545454545456
0.5
0.42857142857142855
0.4
0.3783783783783784
0.26666666666666666
0.5555555555555556
0.40540540540540543
0.40425531914893614
0.32727272727272727
0.23333333333333334
0.25
0.2702702702702703
0.2894736842105263
0.5238095238095238
0.28
0.45
0.875
0.25
0.16129032258064516
0.3448275862068966
0.4
0.47619047619047616
0.625
0.20689655172413793
0.11764705882352941
0.21739130434782608
0.5
0.25862068965517243
0.4782608695652174
0.5
0.20689655172413793
0.2
0.6363636363636364
0.3076923076923077
0.7692307692307693
0.2777777777777778
0.2608695652173913
0.18518518518518517
0.8
0.15384615384615385
0.3488372093023256
0.14285714285714285
0.6666666666666666
0.2857142857142857
0.3142857142857143
0.4375
0.11538461538461539
0.5
0.25
0.52
0.5135135135135135
0.41379310344827586
0.2903225806451613
0.4864864864864865
0.6428571428571429
0.5555555555555556
0.45614035087719296
0.2857142857142857
0.3103448275862069
0.34782608695652173
0.4
0.32608695652173914
0.1
0.5714285714285714
0.625
0.2692307692307692
0.55
0.7307692307692307
0.5172413793103449
0.2682926829268293
0.3333333333333333
0.5
0.3235294117647059
0.38
0.5384615384615384
0.25
0.30303030303030304
0.38461538461538464
0.45
0.5757575757575758
0.2542372881355932
0.32
0.35714285714285715
0.25
0.4
0.7142857142857143
0.6111111111111112
0.2972972972972973
0.5833333333333334
0.3888888888888889
0.35714285714285715
0.5
0.3333333333333333
0.5714285714285714
0.25
0.5333333333333333
0.05263157894736842
0.6666666666666666
0.8571428571428571
0.4722222222222222
0.3103448275862069
0.2608695652173913
0.5588235294117647
0.17142857142857143
0.34782608695652173
0.4166666666666667
0.23529411764705882
0.4
0.2727272727272727
0.4
0.3684210526315789
0.2777777777777778
0.43902439024390244
0.16666666666666666
0.36
0.3888888888888889
0.2222222222222222
0.18181818181818182
0.3469387755102041
0.16666666666666666
0.2222222222222222
0.2976190476190476
0.125
0.16666666666666666
0.6363636363636364
0.41818181818181815
0.4883720930232558
0.3142857142857143
0.16326530612244897
0.1
0.5714285714285714
0.3181818181818182
0.6857142857142857
0.2916666666666667
0.6
0.2903225806451613
0.29411764705882354
0.36
0.4406779661016949
0.3333333333333333
0.5
0.5
0.5454545454545454
0.4782608695652174
0.4
0.4074074074074074
0.3898305084745763
0.20930232558139536
0.4666666666666667
0.65625
0.6363636363636364
0.3877551020408163
0.46153846153846156
0.42857142857142855
0.4166666666666667
0.20588235294117646
0.12
0.7058823529411765
0.22727272727272727
0.14285714285714285
0.3333333333333333
0.7037037037037037
0.20833333333333334
0.6190476190476191
0.36363636363636365
0.5
0.36
0.6818181818181818
0.5833333333333334
0.2857142857142857
0.12
0.4716981132075472
0.22413793103448276
0.36363636363636365
0.6060606060606061
0.38461538461538464
0.6538461538461539
0.44
0.5396825396825397
0.6065573770491803
0.4838709677419355
0.3488372093023256
0.3225806451612903
0.4074074074074074
0.5
0.5925925925925926
0.6666666666666666
0.21212121212121213
0.32
0.2857142857142857
0.3
0.9090909090909091
0.6129032258064516
0.4166666666666667
0.4
0.5319148936170213
0.375
0.7272727272727273
0.3902439024390244
0.3333333333333333
0.40384615384615385
0.26
0.41379310344827586
0.5714285714285714
0.4
0.20512820512820512
0.32786885245901637
0.45454545454545453
0.5625
0.3695652173913043
0.3235294117647059
0.3076923076923077
0.20588235294117646
0.18518518518518517
0.26666666666666666
0.058823529411764705
0.25
0.36363636363636365
0.38095238095238093
0.27450980392156865
0.2857142857142857
0.3559322033898305
0.3076923076923077
0.3333333333333333
0.21052631578947367
0.0
0.34375
0.5172413793103449
0.45454545454545453
0.3157894736842105
0.75
0.6521739130434783
0.16666666666666666
0.125
0.3225806451612903
0.4411764705882353
0.4074074074074074
0.25806451612903225
0.5833333333333334
0.2972972972972973
0.5
0.45
0.5
0.25806451612903225
0.14893617021276595
0.2978723404255319
0.5277777777777778
0.7777777777777778
0.37254901960784315
0.5238095238095238
0.35555555555555557
0.21621621621621623
0.0
0.22580645161290322
0.3333333333333333
0.27586206896551724
1.0
0.2
0.625
0.45454545454545453
0.2
0.34
0.3829787234042553
0.30952380952380953
0.36
0.2916666666666667
0.41935483870967744
0.2608695652173913
0.4
0.625
0.1111111111111111
0.3191489361702128
0.2962962962962963
0.5217391304347826
0.17142857142857143
0.15789473684210525
0.29411764705882354
0.1875
0.32653061224489793
0.21739130434782608
0.4
0.38333333333333336
0.3111111111111111
0.2318840579710145
0.2962962962962963
0.4838709677419355
0.3333333333333333
0.47058823529411764
0.8
0.375
0.2702702702702703
0.18333333333333332
0.15384615384615385
0.2857142857142857
0.54
0.3076923076923077
0.2807017543859649
0.11764705882352941
0.1282051282051282
0.18
0.2222222222222222
1.5
0.4722222222222222
0.1935483870967742
0.2857142857142857
0.25
0.6896551724137931
0.38095238095238093
0.3541666666666667
0.4107142857142857
0.19047619047619047
0.14634146341463414
0.3333333333333333
0.25
0.35714285714285715
0.5
0.48
0.3076923076923077
0.3181818181818182
0.4594594594594595
0.5
0.1875
0.5
0.14285714285714285
0.2631578947368421
0.25
0.2222222222222222
0.5
0.125
0.4358974358974359
0.9
0.45
0.4
0.391304347826087
0.35294117647058826
0.06666666666666667
0.6521739130434783
0.2857142857142857
0.29411764705882354
0.0
0.4444444444444444
0.3333333333333333
0.3333333333333333
0.3783783783783784
0.2894736842105263
0.12244897959183673
0.2777777777777778
0.22916666666666666
0.23636363636363636
0.10526315789473684
0.2830188679245283
0.5
0.5111111111111111
0.375
0.4897959183673469
0.4852941176470588
0.14705882352941177
0.2909090909090909
0.29310344827586204
0.3888888888888889
0.125
0.4411764705882353
0.25806451612903225
0.45714285714285713
0.5666666666666667
0.6031746031746031
0.35714285714285715
0.23809523809523808
0.2857142857142857
0.45454545454545453
0.4411764705882353
0.4782608695652174
0.42857142857142855
0.3783783783783784
0.5384615384615384
0.15384615384615385
0.3181818181818182
0.24324324324324326
0.16666666666666666
0.25
0.2222222222222222
0.2631578947368421
0.0
0.35714285714285715
0.21621621621621623
0.14285714285714285
0.6086956521739131
0.2857142857142857
0.16666666666666666
0.4642857142857143
0.5217391304347826
0.2
0.5882352941176471
0.20689655172413793
0.23529411764705882
0.23684210526315788
0.5333333333333333
0.40540540540540543
0.3870967741935484
0.875
0.4166666666666667
0.3125
0.15
0.3333333333333333
0.5714285714285714
0.21428571428571427
0.5769230769230769
0.25
0.5
0.6097560975609756
0.2777777777777778
0.14634146341463414
0.24
0.2857142857142857
0.4375
0.3225806451612903
0.2916666666666667
0.34146341463414637
0.5454545454545454
0.13636363636363635
0.5
0.3157894736842105
0.4117647058823529
0.5675675675675675
0.35294117647058826
0.23076923076923078
0.4666666666666667
0.76
0.08695652173913043
0.35135135135135137
0.525
0.4883720930232558
0.4375
0.3157894736842105
0.5384615384615384
0.34782608695652173
0.375
