16
167
48
21
32
28
34
62
42
95
72
38
29
41
0
78
20
53
50
77
119
30
17
16
95
5
52
74
70
166
34
91
41
97
8
10
9
72
17
69
39
19
22
65
52
140
54
20
38
1608
8
70
203
143
54
87
149
10
151
263
28
142
186
35
31
75
275
79
51
254
16
1
165
0
14
83
30
215
0
80
25
89
59
31
264
25
42
17
35
4
6
66
62
6
198
62
34
50
84
9
622
79
74
30
92
57
87
41
43
0
94
52
82
61
17
20
103
106
12
22
106
83
36
52
245
66
92
206
23
232
146
114
169
120
177
5
291
20
407
289
87
145
85
90
166
145
43
260
93
75
583
157
62
158
15
173
51
22
146
12
29
144
11
101
93
141
3
85
114
133
104
4
286
144
766
149
45
16
32
228
22
28
13
193
98
13
573
682
64
21
6
43
48
222
219
300
118
220
338
28
50
81
30
47
125
98
21
20
96
6
49
43
13
27
614
122
47
0
235
8
84
36
25
62
31
1
418
18
168
5
9
21
46
62
29
46
48
70
7
97
48
82
120
29
32
20
29
40
39
58
123
84
91
476
11
149
206
227
21
178
20
25
29
176
231
38
97
807
38
165
66
10
37
31
86
65
71
51
85
15
43
111
168
270
95
3
143
32
138
22
29
68
21
26
32
1
37
92
105
59
174
9
54
0
149
299
35
9
102
106
122
32
68
124
87
127
8
229
112
208
15
84
33
21
68
199
5
58
29
51
8
56
2
2
48
151
16
26
81
71
74
99
50
154
140
42
183
0
9
155
116
18
150
193
278
142
35
482
36
54
92
76
40
127
16
75
14
10
173
8
69
22
132
80
30
86
61
40
40
8
32
18
20
165
22
73
30
4
13
3
112
89
84
1
0
36
0
11
120
333
6
41
70
111
9
15
140
113
198
39
36
163
3
40
125
60
277
0
113
16
31
64
59
79
186
52
105
66
33
98
65
71
83
6
12
36
6
44
28
72
55
41
15
184
6
58
24
38
22
48
30
21
41
185
15
1
12
98
15
67
16
24
6
17
38
79
70
18
141
77
33
13
2
30
28
43
74
9
40
1
6
21
3
14
165
48
84
39
13
90
91
97
10
36
6
68
89
93
99
92
13
155
123
31
147
141
166
263
205
16
65
290
16
14
57
112
26
70
54
15
68
243
264
64
57
299
74
20
180
170
144
24
49
172
240
148
144
12
65
72
112
28
35
81
106
143
48
113
117
90
55
33
20
124
207
70
64
160
53
90
85
44
147
21
54
37
55
143
21
154
135
127
122
64
24
117
68
195
139
184
113
107
63
288
18
143
223
44
227
3
214
10
102
210
348
242
117
16
30
113
180
230
42
242
108
220
182
144
48
279
45
88
12
88
104
106
21
46
167
89
212
55
64
9
80
75
330
53
30
271
212
67
26
218
108
294
28
102
75
116
7
44
19
28
19
262
7
4
170
23
91
19
366
226
92
59
28
14
58
179
302
212
61
26
94
225
47
33
29
298
46
77
249
187
77
63
225
20
166
92
42
205
42
25
63
39
23
10
260
89
262
162
46
122
69
73
145
17
336
261
242
119
48
105
89
375
390
132
178
384
113
128
366
59
62
143
163
8
155
126
17
41
258
85
197
164
7
265
86
98
82
76
63
145
42
65
101
55
51
95
206
24
4
8
36
160
105
13
260
245
23
91
1
312
89
75
100
74
484
54
101
91
87
80
111
92
57
81
74
90
55
103
172
160
42
124
38
189
46
1
32
39
62
51
21
22
57
20
146
253
155
46
156
233
29
11
54
102
142
54
44
64
60
381
38
106
235
78
294
147
270
238
201
65
175
15
50
79
208
11
89
259
44
148
23
160
59
39
7
385
98
183
158
190
99
199
141
63
150
128
30
27
11
213
48
106
91
12
41
48
7
97
7
20
5
33
153
28
31
58
137
81
3
161
21
12
0
13
316
139
61
37
94
34
141
123
6
152
98
251
34
153
308
76
228
128
150
66
78
216
110
424
212
91
26
12
26
113
186
61
264
280
7
138
39
33
30
73
69
0
70
77
3
89
33
57
39
110
12
93
21
25
160
27
121
78
177
1624
229
15
147
77
11
175
47
38
324
89
103
59
25
170
95
42
165
61
34
103
162
109
101
201
40
36
122
58
116
236
127
115
98
141
72
81
