5.855906400969999870e-02
5.828312371069999803e-02
3.202078985609999734e-02
1.388888888829999980e-02
2.218197573109999959e-02
7.086955002009999449e-02
1.754385964819999907e-02
4.551728464559999828e-17
1.960784313609999913e-02
3.574469378939999855e-17
4.551728464370000214e-17
3.072494402170000000e-02
5.308570151710000171e-17
3.333333333220000333e-02
3.333333332670000010e-02
7.722832722229999988e-17
3.818812577729999721e-17
6.673185001319999853e-17
5.752173276439999958e-17
3.763516013800000115e-02
4.598447736570000083e-02
7.389912177349999833e-02
8.372183370839999731e-17
2.596002609649999959e-02
9.497669495079999816e-03
1.111111110369999988e-01
8.372183371480000118e-17
2.536390878120000150e-02
1.388888888829999980e-02
6.664188748999999752e-03
4.827211547359999788e-17
1.006734006630000052e-16
1.365079364990000044e-01
2.564102563909999993e-02
1.002551456579999992e-16
2.587474175199999761e-16
2.055555555120000070e-16
2.033535376960000059e-16
1.527777777600000109e-01
9.141414139810000354e-17
2.611111110400000145e-16
2.564102563909999993e-02
2.380952380609999836e-02
3.032159833540000179e-17
4.507957659839999945e-17
5.555555554939999724e-02
8.061295738090000153e-17
2.209748348290000011e-17
5.203174819890000047e-17
3.538574798550000317e-02
6.624756194590000237e-03
6.266339868889999492e-17
1.263227513070000048e-16
5.895969498560000364e-17
5.796385955859999684e-17
2.611111109879999800e-16
3.773793228150000032e-17
2.777777777659999961e-02
1.038401044000000079e-02
1.111111111069999942e-02
9.526710212210000306e-03
4.315278017769999793e-17
1.114794367400000066e-16
2.973408130410000114e-02
2.418519213820000124e-02
4.764093900839999884e-17
4.275655989410000191e-02
3.451012588709999817e-17
4.949137037649999937e-17
1.263227512929999917e-16
2.195100295419999908e-17
8.372183371480000118e-17
6.111111104539999839e-16
2.222222221930000158e-02
4.551728464370000214e-17
2.825450135619999870e-17
2.055555555120000070e-16
1.125274016939999989e-02
4.761904761219999671e-02
4.004273504109999848e-17
1.698412697879999997e-16
9.926470587640000287e-02
3.897945770459999848e-02
5.057674116590000284e-17
7.722832721680000002e-17
8.869395711029999518e-02
6.145251532020000559e-17
5.555555554629999782e-02
4.138056798109999990e-02
1.486111111020000097e-01
8.347031798830000251e-17
4.210728315440000202e-02
1.002551456579999992e-16
1.905342042310000095e-02
4.106542140280000263e-17
1.491398861200000057e-02
1.448412698020000010e-16
3.553894718569999704e-17
4.985754985379999699e-02
5.664488017109999690e-02
6.686507936059999830e-17
3.645510176169999839e-02
5.567022130179999419e-17
2.741931569280000106e-02
4.718176484520000130e-02
4.791092294190000234e-17
1.255596957610000082e-16
1.120191249540000017e-01
3.921568627219999825e-02
3.174603174300000274e-02
1.114794367400000066e-16
2.222222222069999975e-02
1.343733926800000020e-02
6.666666665999999852e-02
6.666666663999999687e-02
1.120370370240000067e-16
8.747991595309999313e-02
1.247563352689999988e-01
4.839729026990000071e-02
5.057674116590000284e-17
4.336917562579999802e-02
2.222222221930000158e-02
5.796385955859999684e-17
1.255596957610000082e-16
2.457538884869999926e-02
1.449275362259999991e-02
1.268195439230000027e-02
3.010835045969999929e-02
1.701728174669999913e-02
1.125274016939999989e-02
1.037037036929999989e-01
4.191557866850000036e-02
2.777777777659999961e-02
3.508771929639999815e-02
1.343773380859999977e-02
3.119332509840000087e-02
2.753704715680000020e-17
1.851851851749999889e-02
4.349463471669999721e-17
1.041666666599999971e-02
4.764093900839999884e-17
7.484356882759999844e-17
5.008354218630000255e-17
1.075268817169999953e-02
3.707095373489999900e-17
3.975015744109999759e-17
2.600039569190000163e-02
2.222222221930000158e-02
8.297890077680000059e-03
1.659578015450000055e-02
9.141414140570000043e-17
4.295996401149999866e-02
1.124191943400000004e-01
2.083333333199999943e-02
1.509887975250000063e-02
9.141414139810000354e-17
1.624093854629999889e-01
1.280742204549999985e-01
1.698412698120000080e-16
5.585104603729999784e-02
4.949137037649999937e-17
8.458364096880000016e-03
2.611111109879999800e-16
9.170221910440000401e-02
6.825396824929999551e-02
1.248812915390000028e-01
9.558689414969999409e-02
8.721011831619999988e-02
5.879395537300000351e-17
7.781591553409999973e-02
2.083333333070000112e-02
1.227495679450000057e-02
1.120370370240000067e-16
5.944902370969999683e-02
5.008354218630000255e-17
6.666666665329999686e-02
3.491256875530000109e-02
4.315278017769999793e-17
4.166666665629999849e-02
7.722832721680000002e-17
8.499987864749999900e-02
1.047008546930000006e-01
3.836757828120000019e-02
1.484738671650000057e-02
7.722832722229999988e-17
2.852297255510000129e-02
2.500288223179999848e-17
1.119366419659999917e-02
3.703703703289999705e-02
1.051207200600000058e-01
2.015432677999999880e-02
7.947521082529999947e-02
3.432052231109999907e-02
1.437675310040000060e-16
1.398385100329999908e-01
2.253874535019999986e-02
7.839753623259999860e-02
8.965517241079999644e-02
1.161294648989999977e-02
1.037037036929999989e-01
7.722832721680000002e-17
1.596118978200000010e-02
2.494805728540000142e-02
2.564102563909999993e-02
4.852953956089999660e-02
1.698412698120000080e-16
6.409908358839999654e-02
8.854958592319999919e-03
2.069028399060000162e-02
5.308570151710000171e-17
2.777777777550000105e-02
4.166666666149999865e-02
1.960784313669999834e-02
9.141414139810000354e-17
4.551728464559999828e-17
1.120370370240000067e-16
3.703703703499999778e-02
2.380952380779999961e-02
6.428571428260000664e-02
6.490006525229999670e-03
6.754385964570000511e-02
7.757464029379999848e-02
6.145251532020000559e-17
1.120370370130000069e-16
4.547341176660000186e-17
3.221470043980000086e-02
3.447775585650000129e-17
2.069028399060000162e-02
3.030303029749999849e-02
1.448412698020000010e-16
1.002551456579999992e-16
7.722832721680000002e-17
1.120370370130000069e-16
3.174603174449999732e-02
5.886681528490000230e-17
4.547341176660000186e-17
4.606646368750000281e-17
6.266339868889999492e-17
6.266339868520000308e-17
3.333333332670000010e-02
4.353315766169999992e-17
2.237098291919999843e-02
4.478320690430000195e-02
7.058723640679999412e-02
2.339499382510000156e-02
7.692307691119999735e-02
1.157407407269999966e-01
2.536390878120000150e-02
6.428571427960000362e-02
4.444444444150000284e-02
9.220016596039999623e-02
7.755117549590000159e-02
3.184935775789999785e-17
6.060606060059999661e-02
2.171463524580000137e-02
2.982797722400000115e-02
1.746061377310000051e-02
9.279815135339999910e-02
5.567022130179999419e-17
1.055857662680000086e-02
3.375822050809999808e-02
7.167277166279999885e-17
1.428710517720000080e-02
1.111111111039999981e-02
5.203174819890000047e-17
1.025179490289999940e-02
8.458364096880000016e-03
1.120370370240000067e-16
3.664190221420000065e-17
1.125274016939999989e-02
1.006734006540000021e-16
5.559151296849999846e-17
9.578750693590000129e-03
2.204669234539999995e-02
4.761904761559999921e-02
8.225794707849999610e-02
4.475103048430000080e-17
3.818812577729999721e-17
2.777777777550000105e-02
1.333333333229999931e-02
3.917708995779999948e-17
2.150537634339999907e-02
3.268507045840000208e-02
9.277497444589999365e-03
1.255596957610000082e-16
2.294382010070000061e-02
3.448275861950000215e-02
1.754385964819999907e-02
2.274252091469999848e-02
2.666666666560000079e-02
2.048329601449999995e-02
6.666666663999999687e-02
3.703703703499999778e-02
7.017543858909999765e-02
2.112368479980000074e-02
8.771929824329999584e-03
1.682946547299999990e-16
9.259259258740000498e-03
1.370965784839999965e-02
2.198319576530000097e-02
4.548504182930000056e-02
6.702604487549999879e-02
2.274252091469999848e-02
1.263227513070000048e-16
1.007027540320000053e-01
1.626016260120000112e-02
2.635236066069999994e-02
1.137126045839999960e-02
7.722832722229999988e-17
2.204669234539999995e-02
9.942659075020000153e-03
6.111111104539999839e-16
5.476244796440000312e-02
2.898550724509999996e-02
1.754385964730000025e-02
9.141414140570000043e-17
1.006734006540000021e-16
3.655908759510000106e-02
2.268453114150000050e-17
6.666666665329999686e-02
3.319156030889999776e-02
1.370965784770000057e-02
1.754385964869999842e-02
7.167277166759999559e-17
3.165167634899999916e-02
4.166666666149999865e-02
2.702702702559999989e-02
6.496576284659999999e-03
1.448412698020000010e-16
2.298850574630000032e-02
6.686507936059999830e-17
4.004273503959999796e-17
5.567022130179999419e-17
2.469135802290000140e-02
2.596002609649999959e-02
2.248258987289999955e-01
4.108980286919999836e-02
2.393250393180000046e-01
2.574039173489999985e-02
6.220322886759999809e-02
8.988266879249999508e-02
2.494805728540000142e-02
8.333333332639999980e-02
2.426476978049999997e-02
8.313924370429999489e-03
3.703703702879999893e-02
3.338574718670000282e-17
4.072540540550000117e-17
3.032336122139999909e-02
2.666666666560000079e-02
2.777777777310000071e-02
1.754385964730000025e-02
2.137827994709999915e-02
1.948972885229999924e-02
2.157407406959999940e-01
1.659578015450000055e-02
1.006734006630000052e-16
4.545454545250000172e-02
1.278919276039999949e-02
2.666666666560000079e-02
1.174141644720000030e-02
3.929380817249999991e-02
3.611991247989999876e-02
4.791092294190000234e-17
1.927580484330000121e-01
8.389472985710000330e-02
6.461538461040000625e-02
1.397058823450000042e-01
6.666669991670000073e-01
9.523809522449999676e-02
5.626370084679999800e-02
7.407407406579999409e-02
6.071989607359999826e-03
6.382107871190000059e-03
5.072283646459999767e-02
8.372183371480000118e-17
2.134719323739999938e-02
2.380952380779999961e-02
3.333333332999999926e-02
4.030865355370000236e-02
5.871330578120000088e-02
5.704594511129999768e-02
3.127036493870000082e-17
6.055123814660000325e-02
8.372183371480000118e-17
6.181566118660000025e-02
2.171463524580000137e-02
1.812619968029999945e-02
4.347826086769999987e-02
2.587695956180000034e-02
3.451012588709999817e-17
7.722832721680000002e-17
4.217570713060000281e-02
4.171497584200000115e-17
2.564102563909999993e-02
4.353315766169999992e-17
1.292305764649999966e-01
9.059011538620000137e-02
3.010835045969999929e-02
7.407407405759999786e-02
3.319156030889999776e-02
1.680658248849999925e-01
6.666666665329999686e-02
6.673185001319999853e-17
5.581881069499999644e-17
3.019860137420000065e-17
4.353315766169999992e-17
1.698412698120000080e-16
7.407407405759999786e-02
5.008354218630000255e-17
9.109305991189999769e-17
1.333333333229999931e-02
4.171497584370000256e-17
2.418519213820000124e-02
1.055857662680000086e-02
2.222222222069999975e-02
9.109305991189999769e-17
1.878588879800000000e-02
2.083333333199999943e-02
6.349206348899999464e-02
7.722832722229999988e-17
5.128205127810000347e-02
4.166666665629999849e-02
1.596000109340000098e-02
5.879395537300000351e-17
1.120370370240000067e-16
2.015432677999999880e-02
4.507957659839999945e-17
1.263227512929999917e-16
1.454437049269999976e-02
1.006734006540000021e-16
4.239480317610000101e-17
4.166666666410000219e-02
1.905342042310000095e-02
2.596002609649999959e-02
7.661862167400000616e-17
2.760333897199999942e-02
4.791092294190000234e-17
3.522424934150000103e-02
3.921568627219999825e-02
3.508771929639999815e-02
1.582583817449999958e-02
1.246757466609999959e-16
1.006734006540000021e-16
7.167277166279999885e-17
8.472222221149999788e-02
2.596002609649999959e-02
5.272904483150000242e-17
8.333333329170000692e-02
7.722832722229999988e-17
3.030303030029999831e-02
7.722832721680000002e-17
5.315624391590000053e-02
9.492867919219999875e-17
5.340893624700000092e-02
2.020202020139999846e-02
2.274252091669999934e-02
3.703703703430000216e-02
1.441453883319999962e-02
1.698412697879999997e-16
7.702780548539999857e-17
3.125577669519999757e-17
3.277764886219999862e-17
4.419872094449999856e-17
5.555555554629999782e-02
5.752173276439999958e-17
2.104389521400000171e-02
1.264610629890000060e-01
5.714842070869999985e-02
3.921568626989999778e-02
3.019775950500000125e-02
4.769038056850000151e-02
2.536390878120000150e-02
1.682946547299999990e-16
2.600321058470000071e-17
5.168965407329999956e-02
6.145251532020000559e-17
1.340589143330000114e-16
4.138233259590000145e-17
1.746061377409999921e-02
2.794078107770000055e-02
8.333333329170000692e-02
3.703703703289999705e-02
9.109305991189999769e-17
5.555555553699999954e-02
1.990364751210000130e-02
8.725453215669999612e-17
1.437675310040000060e-16
2.403900016159999890e-17
2.364013771159999971e-02
2.688112429809999884e-02
1.067359661869999969e-02
2.083333333199999943e-02
5.967119315759999640e-03
3.228046594880000117e-17
3.333333336670000132e-07
7.417150314489999972e-03
3.448275861950000215e-02
4.055555555390000233e-02
9.999999990560000107e-01
8.088256594569999403e-03
2.113469338049999910e-02
2.570888748880000019e-02
9.578750693590000129e-03
3.333333336670000132e-07
7.743845331120000411e-03
2.682346576529999884e-17
1.627816627679999906e-01
6.754385964230000261e-02
6.980332315999999671e-17
2.286715149649999959e-02
1.343621785399999949e-02
2.508518996429999828e-02
2.380952380779999961e-02
5.308570151710000171e-17
6.266339868889999492e-17
3.158602150439999978e-02
4.940085796609999802e-02
3.574469378819999937e-17
2.635236066069999994e-02
2.659592688850000164e-02
6.373222960280000050e-03
1.343621785399999949e-02
3.611111108799999896e-16
1.139649810269999924e-02
5.559151296849999846e-17
3.975015744109999759e-17
1.114794367400000066e-16
2.848183140340000002e-02
5.266177297359999998e-17
2.997121292689999827e-02
5.559151296849999846e-17
1.328453536379999964e-16
3.260578439689999775e-02
1.120370370240000067e-16
1.587301587150000137e-02
3.824082550759999978e-17
3.109071716480000039e-02
5.308570151710000171e-17
2.116780816489999990e-17
1.754385964730000025e-02
1.255596957610000082e-16
4.112897354319999810e-02
3.119332509840000087e-02
5.087719297729999951e-02
4.841269841040000271e-02
4.791092294190000234e-17
1.754385964730000025e-02
2.380952380609999836e-02
3.106594005660000208e-17
3.611111108799999896e-16
2.033535376960000059e-16
9.492867919219999875e-17
1.448034142160000044e-02
1.139649810310000046e-02
8.347031798830000251e-17
2.829459627130000050e-17
8.854958592319999919e-03
1.851851851650000019e-02
9.141414140570000043e-17
5.176769585379999974e-17
5.203174819890000047e-17
1.179544121230000076e-02
1.040017312279999974e-02
2.898550724509999996e-02
1.448412698200000072e-16
2.777777777550000105e-02
1.730668406740000151e-02
2.015432677999999880e-02
1.247402864270000071e-02
1.034514199599999990e-02
9.141414139810000354e-17
4.949137037649999937e-17
2.611111110400000145e-16
4.507957659839999945e-17
8.195602930720000817e-03
7.647907647559999689e-02
2.958911718620000263e-17
1.089502348780000025e-02
9.835845306519999665e-03
1.322367539260000009e-02
2.015660071289999966e-02
2.611111110400000145e-16
9.526710212210000306e-03
7.705813759079999971e-03
5.272904482889999700e-17
3.628628628529999983e-02
9.492867919219999875e-17
1.805995624240000139e-02
2.055555555120000070e-16
2.777777777550000105e-02
3.669633359779999754e-17
1.231781332150000061e-02
2.380952380869999843e-02
1.948972885360000101e-02
1.698412697879999997e-16
5.489415680410000137e-02
5.630340704470000041e-02
1.754385964819999907e-02
1.754385964819999907e-02
8.653342033479999654e-03
1.515082405779999974e-01
1.524791557960000071e-02
9.201112990659999352e-03
8.452053458369999939e-02
1.290752275039999952e-01
4.617604617180000315e-02
3.030303029749999849e-02
4.030865355370000236e-02
6.255274879240000297e-17
9.660186250400000507e-03
5.567022130179999419e-17
2.083333333070000112e-02
1.491398861200000057e-02
1.068913997440000020e-02
4.106542140280000263e-17
2.522793043810000083e-17
5.360623781110000069e-02
1.127436485339999989e-01
2.380952380779999961e-02
9.109305991189999769e-17
9.492867919219999875e-17
1.866520335839999892e-02
3.268507046219999712e-02
5.567022129890000591e-17
1.137126045839999960e-02
3.226444512450000048e-17
5.203174819890000047e-17
5.544547948700000036e-17
5.666066460040000002e-02
2.287187336940000107e-02
9.904337057520000431e-02
2.724145264369999981e-17
2.298850574550000136e-02
2.596002609649999959e-02
4.072540540550000117e-17
6.255274879240000297e-17
3.611991247989999876e-02
3.703703702879999893e-02
2.303792263100000112e-02
3.030303029749999849e-02
1.698412697879999997e-16
1.116925336919999956e-01
2.380952380609999836e-02
9.247776683199999265e-03
1.002551456579999992e-16
2.556016159110000019e-02
3.238909043729999715e-02
2.669885180049999876e-02
3.134961792459999702e-02
1.234567901190000011e-02
2.055555555120000070e-16
5.008354218630000255e-17
2.586626293720000089e-17
1.880977075470000037e-02
1.139649810269999924e-02
9.141414139810000354e-17
4.001256503109999932e-17
5.596566492110000186e-03
1.388888888829999980e-02
6.202265987859999816e-17
8.061295738090000153e-17
1.774307455749999859e-02
3.687618022679999857e-17
2.253874535019999986e-02
2.261580132170000132e-02
7.906078999730000584e-03
2.083333333199999943e-02
1.746061377409999921e-02
5.368079785540000228e-17
2.494259436049999963e-17
4.349463471669999721e-17
3.277764886219999862e-17
4.841269840799999891e-02
3.451012588709999817e-17
5.266177297359999998e-17
6.673185001319999853e-17
1.581215799870000147e-02
6.266339868889999492e-17
1.437675310040000060e-16
3.162431599729999959e-02
3.970593143090000304e-02
2.491089160519999970e-17
1.025641025560000003e-01
4.112897354319999810e-02
3.553894718569999704e-17
6.550109453919999675e-17
5.279288313390000098e-02
1.444692355670000074e-02
5.487788050020000336e-02
4.841605290940000084e-02
6.173632769939999682e-02
9.272079105089999981e-03
3.030303030029999831e-02
3.564193495440000138e-17
1.491398861200000057e-02
1.332492763660000044e-02
2.431563372010000015e-02
1.222289269270000062e-02
8.130081300420000448e-03
8.661631002740000085e-02
1.905342042310000095e-02
5.008354218630000255e-17
7.151042517099999772e-17
3.849952516330000296e-17
2.564102564040000171e-02
2.035167529920000121e-02
8.725453215669999612e-17
9.090909089260000575e-02
4.696566578869999786e-02
6.591636316990000244e-02
2.451380284810000115e-02
1.179544121230000076e-02
2.204669234539999995e-02
8.963751810180000182e-03
3.611111108799999896e-16
6.924369827719999843e-03
7.296996429340000222e-03
3.432626030660000134e-17
3.333333332999999926e-02
1.484738671650000057e-02
4.790249433009999974e-02
1.587301587150000137e-02
2.359088242260000065e-02
1.459399285870000007e-02
3.846153846010000321e-02
2.274252091469999848e-02
2.503935080839999988e-17
2.069028399060000162e-02
6.673185001319999853e-17
1.698412698120000080e-16
1.120370370130000069e-16
3.895092499170000290e-17
3.206249430529999750e-02
2.380952380779999961e-02
4.861419683279999925e-03
6.161190206229999640e-03
1.152776487069999967e-01
1.759916706129999869e-02
2.509010675859999970e-02
6.019370010399999887e-02
5.168965407329999956e-02
1.515151515009999922e-02
2.290150482810000123e-17
3.611991247989999876e-02
2.269479254890000020e-02
6.686507935640000423e-17
2.181401708129999950e-02
2.696853717220000154e-02
2.982784760139999742e-17
3.346047856449999832e-17
1.003611681989999976e-02
5.895969498230000126e-17
3.338574718670000282e-17
2.298850574550000136e-02
3.038189218640000022e-02
3.595904985599999992e-02
3.707095373489999900e-17
3.268507045840000208e-02
3.414282434930000082e-02
1.491398861200000057e-02
1.425218663299999966e-02
2.941176470420000036e-02
1.037833048720000002e-16
3.684109471949999910e-17
7.167277166759999559e-17
4.409338469400000265e-02
1.448412698200000072e-16
1.504884004769999895e-01
5.895969498230000126e-17
6.980332315999999671e-17
5.925086928900000216e-02
7.968214839039999831e-02
5.430430430139999987e-02
2.635236066069999994e-02
2.381200142200000148e-17
3.333333332999999926e-02
1.437675310040000060e-16
2.611111110400000145e-16
6.157792136149999734e-02
2.167194749259999942e-02
1.449275362259999991e-02
3.574469378819999937e-17
2.923459328040000152e-02
3.335805215560000019e-17
2.254062273729999857e-02
9.141414140570000043e-17
2.489652322969999887e-02
1.278919276039999949e-02
1.041666666599999971e-02
1.886792452789999922e-02
5.610641333989999785e-02
9.029978122099999518e-03
2.165030364240000046e-02
1.764618265210000094e-17
7.980594890780000686e-03
2.507969433970000037e-02
2.783249232910000107e-02
4.066938327800000141e-02
1.442553511900000099e-17
9.141414140570000043e-17
4.552691260499999726e-02
1.579128789709999953e-02
3.397571170739999987e-17
2.238626596840000149e-02
2.380952380779999961e-02
1.367992796119999951e-02
4.316034550469999981e-02
4.347826086579999888e-02
6.111111104539999839e-16
8.653342033479999654e-03
2.015432678160000018e-02
2.071085399300000021e-17
1.298001304969999964e-02
4.827211547359999788e-17
3.434975926709999980e-17
2.565772601400000130e-02
1.397039053890000021e-02
1.507727826029999982e-02
3.448015726209999745e-17
5.567022129890000591e-17
3.703703702879999893e-02
3.333333336670000132e-07
5.555555555249999666e-02
3.319156031070000235e-02
4.797636039909999872e-02
1.448412698200000072e-16
6.266339868520000308e-17
1.006734006630000052e-16
7.273551898200000115e-03
8.372183371480000118e-17
3.333333338329999950e-07
1.698412697879999997e-16
1.111111111069999942e-02
7.722832722229999988e-17
7.905982904750000206e-02
4.138233259590000145e-17
1.948972885360000101e-02
1.006734006540000021e-16
8.372183371480000118e-17
3.162431599889999750e-02
2.611111110400000145e-16
2.783249232910000107e-02
1.703536047680000165e-02
3.213109373629999861e-17
1.109098786559999973e-02
1.841986397560000169e-02
1.476573903820000040e-02
7.185400703270000689e-02
3.206741992460000051e-02
5.716026126919999950e-02
1.758830150879999929e-02
1.343621785399999949e-02
2.232860270789999851e-02
2.656487577700000074e-02
1.292442992840000041e-02
1.800812893110000090e-02
8.799583530629999720e-03
5.401502543580000322e-03
2.205475141929999841e-02
1.893981803589999888e-02
1.408245653319999992e-02
9.722839366099999756e-03
3.013360241139999979e-02
8.370910590009999694e-03
2.572806220830000171e-02
1.583786494080000051e-02
1.388888888829999980e-02
5.664488016790000108e-02
2.033535376960000059e-16
1.140926930979999955e-02
2.015432678160000018e-02
8.311786500230000652e-02
1.169446624339999935e-01
7.863627475040000162e-03
1.006734006540000021e-16
7.126093316480000203e-03
6.283669161129999681e-02
3.615520281930000024e-02
4.166666666149999865e-02
1.634253523109999856e-02
2.166666666189999979e-01
4.617604617389999694e-02
8.637992830979999981e-02
2.055555555120000070e-16
4.444444443849999982e-02
2.908874098539999953e-02
2.639875059189999984e-02
1.559666254920000043e-02
1.559666254920000043e-02
1.730668406570000026e-02
2.083333333070000112e-02
1.102087250069999982e-02
4.138056798109999990e-02
3.726310016469999709e-02
6.686507936059999830e-17
7.743845331120000411e-03
2.074987580399999948e-02
1.359837942909999930e-02
5.985622106929999742e-02
2.663466283279999902e-02
1.746061377310000051e-02
4.255623729159999785e-02
3.490101171179999656e-02
7.484356882759999844e-17
1.587301587230000033e-02
4.444444443849999982e-02
1.698412698120000080e-16
2.323153599339999875e-02
5.203174819890000047e-17
2.137827994939999962e-02
1.203997082879999965e-02
1.812619968029999945e-02
9.097008366869999835e-03
5.939930335129999656e-02
1.010420035480000082e-02
8.370910590009999694e-03
5.484133460939999804e-17
5.567022129890000591e-17
1.006734006540000021e-16
5.486791816519999594e-03
2.724145264369999981e-17
2.463562664300000121e-02
8.372183371480000118e-17
1.006734006630000052e-16
5.176769585379999974e-17
1.812619968029999945e-02
1.509887975250000063e-02
1.286305415850000008e-02
2.080034624559999948e-02
8.927203064539999955e-02
8.725901265780000582e-02
7.722832722229999988e-17
1.716026115659999990e-02
1.659578015450000055e-02
3.333333332999999926e-02
