0.357804232721
0.736275801431
0.523692810398
0.320634920583
0.507070706983
0.638888888509
0.143421658456
0.52632688435
0.324297924254
0.373517786545
0.197179582148
0.316557197581
0.206742202447
0.480134680088
0.999999999628
0.388888888602
0.347226815231
0.297357578633
0.391442567066
0.771033314443
0.610256410232
0.519063180798
0.241584967291
0.4111530435
0.423873597517
0.176260012085
0.543845374767
0.443760345924
0.50403932312
0.469394271102
0.65566376091
0.248783583423
0.878876678755
0.24589913608
0.563533274613
0.328653986435
0.344800172215
0.710317460126
0.278205046909
0.363263119845
0.319544013692
0.177273476531
0.501770152448
0.223437551165
0.225433733032
0.477777777564
0.222222222074
0.43787878784
0.569073880651
0.124999999969
0.273543906801
0.440404040365
0.579413992269
0.295279916406
0.500862750849
0.999999999628
0.569016495455
0.514897048571
0.999999999851
0.592149758406
0.385563582137
0.999999999056
0.371856697433
0.419780219751
0.576318471358
0.616970365987
0.458846895966
0.61186299078
0.879765795155
0.449572649538
0.38694771565
0.486208236169
0.40462315459
0.509040525043
0.571685403601
0.382386503636
0.315740740707
0.584499586038
0.449956764109
0.401402160822
0.125618089424
0.57206682202
0.328142384347
0.650364621858
0.828956228798
0.360683126097
0.222911459905
0.515213675173
0.751557513522
0.344689542463
0.845543345478
0.556471306429
0.411532022229
0.532326945914
0.288884590378
0.726587301539
0.520202020151
0.295080015162
0.349206349162
0.15771864524
0.292817652607
0.337933599554
0.468534764389
0.306156430935
0.338753548534
0.538720000584
0.720202020137
0.391716164963
0.124999999984
0.419677066201
0.419373552389
0.359885620904
0.117543859643
0.351284073561
0.392261904736
0.465438882072
0.46409526554
0.365391606221
0.592857142781
0.641268203152
0.221069210124
0.855158730035
0.337176504443
0.436904761876
0.326608187101
0.594444444405
0.144810379994
0.346230158686
0.853235653175
0.460170211141
0.26715686273
0.232610034542
0.579413992269
0.260235358494
0.343253968232
0.542342048667
0.527430122626
0.485672514595
0.391419047979
0.41602224934
0.184489606678
0.544444444204
0.527202850057
0.25504587045
0.342528122103
0.341804089193
0.42951650061
0.294605314164
0.0877696120472
0.719799777507
0.0702003078173
0.06666666664
0.633699633606
0.477777777564
0.224566502905
0.391897464139
0.344627594577
0.621690821205
0.704949745906
0.521830633805
0.474858258914
0.388660280661
0.845543345418
0.796999428537
0.735064786069
0.374302759486
0.10672455173
0.596592758537
0.0336961477478
0.0673922954675
0.426558390922
0.463490040433
0.291423001934
0.359126984033
0.111111111037
0.549474994447
0.811616161475
0.544444444204
0.287843353524
0.27777777763
0.567748917722
0.167190639109
0.204363283261
0.623232323177
0.173153866317
0.681123618912
0.450408496678
0.240558938977
0.999999999871
0.490676344418
0.355555555433
0.565476190395
0.756329085213
0.324790734973
0.466400966164
6.66666666333e-07
0.999999999539
3.70657624919e-16
0.659830493176
0.565476190324
0.0673922954675
0.531818923643
0.333333999333
0.431878306827
0.13333333328
0.614950980318
0.213912579325
0.908585858427
0.506119084726
0.538401559426
0.771495726435
0.688888888744
0.628010877959
0.405423280373
0.716558116766
0.439826839806
0.507006825728
0.369673641976
0.441040843196
0.515686274478
0.547471620197
0.563958695508
0.425363125433
0.540592066017
0.662205078828
0.426558390922
0.564572538789
0.583838383781
0.31301978786
0.587426900525
0.40674603169
0.524154589348
0.364924992941
0.617473298477
0.412845156186
0.498148148045
0.67939456477
0.394024858852
0.660952258904
0.531236275779
0.732112332011
0.60495891249
0.526672684626
0.538095238007
0.70869786204
0.66407691949
0.523692810427
0.177777777746
0.460864805676
0.361545691994
0.580591606419
0.215151515132
0.362670565265
0.892592592503
0.660450660345
0.344007123485
0.277777777699
0.79191919184
0.741087298383
0.293308442669
0.48600288598
0.345921926963
0.305585900616
0.458158421333
0.531198085331
0.313941120584
0.554411630054
0.539580480781
0.464814814765
0.0765488574074
0.639448722819
0.830925352507
0.315761127104
0.407854790467
0.52836649593
0.999999999687
0.291423001934
0.655201760448
0.346086794679
0.320161452269
0.376524644927
0.484340024126
0.444068504573
0.544012602479
0.543518518459
0.54869350643
0.566768070762
0.733476495332
0.660439560393
0.519047618966
0.544444444204
3.33333333833e-07
0.346746693681
0.229229070411
0.175271571852
0.190277777766
0.352779298157
0.184848484831
0.352221772809
0.531818181771
2.5874741752e-16
0.61993208954
0.564645436573
0.390841738238
0.128164509367
0.417573871598
0.527626485107
0.333333999333
0.666666999167
0.999999999628
0.582900432873
0.632078853026
0.0703571607373
0.283621958917
0.455742680357
0.515283407133
0.567764602522
0.624131496788
0.999999999788
0.699583409329
0.173953077056
0.605878674141
0.5595959595
0.419940846575
0.304894322516
0.317353165748
0.465759599424
0.451322030102
0.555376344051
0.307594085773
0.420651301411
0.207522890028
0.395970695943
0.341709401696
0.678795354082
0.494708994647
0.457593189123
0.536865710237
0.661966070161
0.470886378807
0.632249918501
0.385516096867
0.350836999001
0.540661843756
0.323666005462
0.277927296167
0.201672648711
0.424346405203
0.391872352546
0.569073880651
0.373748473697
0.185328812638
0.0332836269613
0.553951955873
0.111111111074
0.280820675993
0.537356175719
0.48833293878
0.189814814793
0.459569332285
0.391415004734
0.348510500261
0.233333333292
0.999999999389
0.566227509072
0.531695952161
0.558633297912
0.273253648703
0.497047063571
0.849884683156
0.137037037023
0.552674704445
0.474308110985
0.455538851849
0.302446700437
0.456481481387
0.366334640709
0.396363000926
0.335869691875
0.235079400625
0.245641025631
0.263562020747
0.402760819413
0.46836711593
0.473814229209
0.539768814689
0.594319131132
0.602076667241
0.578349673133
0.353898494886
0.648309178717
0.371400582823
0.444945697534
0.708305524633
0.437784653138
0.211388783945
0.433442265783
0.520905282905
0.7503968253
0.263290910962
0.631401420634
0.500811965773
0.607142856981
0.242268151792
0.999999999539
0.240740740692
0.561538461461
0.624131496788
0.419910380632
0.587535013989
0.438888888731
0.111111111037
0.278546818577
0.432032629772
0.738888888551
0.166666999833
0.557239057133
0.328264098802
0.458018443533
0.201785569385
0.433985074496
0.403721075662
0.197200175399
0.56361289333
0.500873655898
0.351761216155
0.554559372688
0.229080806032
0.313131313105
0.52448119276
0.323828518134
0.999999999839
0.439989160283
0.346092695854
0.57120963324
0.442460317357
0.290666123989
0.167388167381
0.430010398916
0.376060617609
0.638217338129
2.5874741752e-16
0.143421658456
0.542929292835
0.477777777659
0.0834974769872
0.396889019634
0.198412698383
0.179280411661
0.343409586037
0.111111111074
0.111240375729
0.0675566429865
0.37160031238
0.0361199124799
0.551851851735
0.546825396789
0.0519200521814
0.678070175369
3.70657624919e-16
0.433333333152
0.27777777763
0.0449281970033
0.0476190476054
0.595833333294
0.570707070655
0.108672923064
0.170370370353
0.394223044833
0.327205882334
0.439858009995
0.220660221768
0.37653279164
0.999999999839
0.36381043544
0.273575795684
0.800925925838
1.32845353638e-16
0.230402930387
0.999999999763
0.10672455173
0.565476190324
0.111111111074
0.388888888602
0.394444444362
0.150793650749
0.407148407084
0.361922575193
0.467679255579
0.158984678296
0.0833333332917
0.633699633651
0.490676344418
0.107827672792
0.35586635581
0.24986197431
0.388888888602
1.6829465473e-16
0.394014192229
0.469805281111
