63.4798534754
55.4491272862
26.0102935628
40.3475751284
32.938028338
21.8511105367
53.5294117614
38.9133986904
32.1031746011
41.8632478616
20.1203968635
54.6400759713
3.7990677977
12.4242424231
43.3793017018
11.3636363627
83.0158730018
51.3986013944
49.3224078749
6.8227562744
11.1050005896
99.9999999056
24.2063492034
15.2958152951
15.4878048777
30.8751413048
16.5106530218
4.85295395609
17.2619047597
7.9490574248e-15
12.0348593351
25.6811350975
25.9135472355
22.0751633974
8.33333333281
9.06309984016
25.2372919472
53.4848484801
19.9134199125
27.5755897843
3.02026312663
36.83862433
51.0457516309
23.2905982888
3.19200021812
29.4695070996
16.8517536786
40.2369281023
27.6984673395
31.6174055808
5.02406388484
6.71321346733
12.6847290636
32.6854718478
20.7407407386
21.0773996812
5.96559544417
28.4328265965
49.4708994647
18.4848484831
43.0192256674
35.5555555433
45.3463203442
16.225658003
16.031746031
21.6666666619
35.2564102537
16.5317562865
11.3636363627
21.0643835795
9.74486442615
11.1111111074
12.7044381809
34.1632199171
9.41627528265
22.2504913758
33.0450413772
20.3512254252
8.8888888877
49.3464052257
6.666666666
5.55555555463
21.2499999986
9.38888888851
7.33901971501
22.4747474729
29.31235431
6.666666666
14.8770052874
27.4847374828
27.5793650721
24.4008714583
47.1110954058
9.36819172061
22.0751633974
74.7354497177
66.2121212061
13.7254901953
11.622956342
6.38400043625
5.48386313856
43.9178743943
11.9791044949
32.475633525
11.3907162455
11.5353037763
5.37493570718
19.224255251
35.7784789121
25.6063206056
9.04720309617
44.3563685626
24.0760191797
31.3317225489
32.7459376358
31.5740740676
19.304484873
17.2619047597
26.8304159596
16.1928104565
33.7817032647
26.5567765549
46.3485789552
22.7805010868
14.7433942534
24.0545808954
37.0388669286
23.9668615972
62.5788326992
14.5210727964
19.1998696108
44.8993035929
46.4082214065
7.67002666188
32.0075757566
30.7246875325
22.0539006889
32.9987550566
20.357116564
41.151170348
6.66666666622
25.978735476
7.04629279815
14.6007051804
30.1217925866
99.9999999687
28.6456152726
18.2102494783
15.5891446941
13.3170595565
19.1037175646
27.1367521347
10.3146170032
10.702362784
35.6392900292
31.5331752102
36.4309634985
21.5740740717
29.2386499765
13.4920634912
36.4981080112
3.9556427379
28.2796913219
28.5992963534
24.8318449741
19.7419072988
34.3261072984
34.0732951637
64.1269841165
29.7130111726
55.185185179
23.8981041738
38.4130434751
37.3224539749
12.23511758
19.1056402825
39.6685340792
11.1111111086
29.5421502526
17.7272727257
41.3754480274
6.66666666533
45.7933843993
44.4963750393
41.9528619488
35.3156975278
30.8088235275
19.8412698383
26.4996414277
25.96073517
14.0888186998
73.6772486681
48.6796536774
44.2124139931
22.7363470948
37.8205128176
4.01360538829
55.1587301441
39.7865353024
24.8484848462
40.7287157249
40.1143790804
27.6278416536
10.3231545034
22.8521378515
20.7707891298
16.8498168486
11.241919434
11.2048893571
16.1396574426
7.38991217735
4.54850418293
12.8205128195
24.6323529398
17.1402803219
28.1441161513
22.1977124156
29.7222222203
11.7137923762
17.8649852555
28.5086489754
32.4891067519
35.9968637981
5.04231406099
18.5087719289
34.3253968232
19.0750837962
26.2603530568
32.8118348222
25.7270531391
15.0819276827
36.5332243988
11.2698412691
9.5311960796
26.1192810442
30.2439832658
22.7067669162
20.5050505032
24.6323529398
13.3716475087
28.676470585
17.2253062822
9.30375855598
34.9565359145
16.9589580245
12.9125353795
16.8065824885
11.6566247421
4.17487384989
29.0909090884
18.4848484815
26.8518518488
22.780501088
32.7056277041
18.2539682531
27.0647083856
3.70370370288
32.8376068363
26.1904761838
42.6606753788
27.4074074046
24.3189886274
18.3982683974
41.0661750196
34.9999999856
26.4842047901
9.49987330725
40.1142533011
31.2980338209
41.5179131594
29.281457154
33.1182917835
28.5521885495
30.7510589759
7.07726472678
17.2619047597
39.1927825232
34.6423751678
10.6237816758
29.931165591
39.4032248689
17.0329670305
47.5274725205
27.3931623921
6.11111110454e-14
35.1067323469
9.09090909008
7.40740740658
21.8181818142
21.1878379118
24.9674775984
14.1414141402
27.8748941535
23.0952380931
21.6771974476
54.6125311273
24.9764023874
28.5317460299
36.8253968195
22.160258042
39.0536285263
21.3620281922
28.2341269805
12.9230769221
13.8272046588
30.0739495582
18.3629776013
8.49998786475
18.8075609026
42.4743230614
55.5753208032
8.71157666772
23.5209876793
32.6854718478
9.05615961842
32.0708525341
31.5679425585
23.3860342546
17.8654970752
14.7957322414
32.2467320242
26.9433465074
34.3657110478
21.8869568774
32.5563325512
21.408730156
53.5185185074
26.8246187348
29.2817652607
34.5238095206
17.5711181313
24.9846313538
27.0751068778
6.53701409168
27.5335775315
66.0952258904
22.0085329215
19.0048309171
20.3174603161
66.6666999167
14.5683647022
37.099253402
9.94855560996
26.780724413
28.2072829124
41.0101010065
15.5982905959
32.8939366273
10.1007651008
18.3218174832
29.9279274832
17.8206405647
35.0537548349
15.1515151501
30.6594240256
50.3968253898
32.8754578706
17.2139072088
25.2665978658
21.7846067946
37.6767676735
18.9693083282
19.373433583
9.09090909008
17.8654970752
8.1708274946
19.9967753113
12.1323848902
24.1584967306
10.0359230443
9.71352760152
9.0476190464
26.0618500265
24.7883285043
5.56649846581
8.35726574505
11.0501234247
35.277777774
18.8333333318
25.0392119946
19.500679767
18.972332015
18.65109681
28.1818181766
11.1670425345
22.0175438585
28.1251442816
9.52380952245
10.4700854693
7.75643008695
21.2071846262
56.5476190395
22.0886165568
4.64517859598
17.37476442
16.3332650205
50.233918126
16.8055555545
5.48386313856
19.1378090631
16.1928104556
3.6111111097e-14
4.63429285526
53.2661782621
24.8975161388
10.3703703683
17.3580268341
36.1111110921
16.9191919178
43.6311258917
41.1532022229
15.2777777743
16.1880678409
13.3476317509
22.0659912772
20.1405508057
30.8227183624
22.106837606
43.2943469741
17.7387914211
43.8888888731
11.5554978846
45.6415787427
33.2829259631
52.756892228
41.6523334457
42.3454485158
11.1904761894
31.9463012468
12.4242424231
5.39955349823
36.063689523
39.2445532423
18.8406178177
22.0656046622
24.467201515
50.0487329384
10.8638811614
17.0370370353
2.63392853573
26.8518518488
4.76190476054
20.1795903018
31.5021958983
32.6147269389
44.5223171873
23.4683612547
20.4179606011
19.6085829244
3.33333333667e-05
27.2366562775
20.809693103
33.6141181083
33.735573583
99.9999999056
26.0011267148
33.7966327355
31.3974533648
38.0683760669
16.6666999833
38.4377703609
33.5476812274
39.6600816308
15.2168509394
2.17146352458
70.7341269794
50.7662835214
67.6135265672
30.4234753312
13.9877345179
34.1188189332
44.6107382835
49.7039075765
58.2900432873
41.5788317927
39.4479386743
21.8137254889
10.3840104363
59.2705313985
34.3304863979
69.1245791177
23.6446701081
31.85675258
38.4699105717
72.4403958596
12.6388888881
3.33333333833e-05
43.0140250634
10.3703703683
28.9703015693
48.0017566952
42.8454610499
14.2857142847
30.8516590222
55.9066124325
10.2620086344
53.520923516
20.9811616953
10.5067454963
14.3513325706
34.9938949914
32.4297924275
30.0976800933
18.3760683746
27.777777763
26.666666656
53.8095238007
39.3260630345
36.1725246825
29.1720960699
53.9786324765
46.0769230751
37.9370856798
76.1699552156
59.4220408891
88.7962962775
56.7658730121
32.7056277041
52.8333246872
57.0776490523
44.7529410036
48.7502605783
54.4289044244
34.1910087766
60.3843580834
6.666666666
38.2761437886
53.5294117582
28.496183922
40.6724813969
50.0068720326
36.2558114498
26.0484544682
26.7395025363
46.0769230751
40.4282854261
53.8401559399
26.0402468843
73.6772486599
32.4297924275
79.444444415
33.5504561424
10.4085136257
22.8269535611
45.309320306
32.5959870851
31.0606060554
44.3202767762
25.8912528633
34.7351399965
22.7067669162
36.4242919369
63.0340673791
31.1685345484
19.3435044269
18.0378712483
41.0376859083
10.8606933934
26.3813599675
20.5686079974
36.2670565265
32.8919446557
43.8041242171
22.463768115
48.1446992855
9.999999999
18.9814814772
57.9593139897
61.8790849635
67.1681931552
20.9553205608
46.7401960756
6.06060606006
67.4947472478
25.7305647469
60.5626587545
37.6873751787
50.1665433963
43.9255786748
42.5272331143
76.7592592431
51.9883040909
71.0927960874
71.0317460126
87.367724847
52.9190118811
59.057239046
47.8158841394
53.4279218926
41.4715142842
66.4359318975
40.5852793279
64.2287758868
51.6864680706
2.24640985016
36.2917096643
58.3023615936
17.846725071
40.135343424
35.6352656976
35.019940557
33.4980068314
16.9191919178
39.4841269794
20.6595850075
26.2698412686
42.6012179949
20.3923919773
25.1964258267
49.5888745875
33.4187806974
38.0467986303
19.9494949478
38.8087262349
52.0857699778
34.2051879223
43.5156189351
37.6178312947
28.9703015678
30.7246875342
45.3022875762
22.9618061714
16.2980008535
24.664016148
31.0650779411
47.9605027282
47.5408448601
23.5964912269
23.5256793287
21.8718951315
55.9525052807
29.9699796725
54.5696091336
28.7178114157
20.7522890028
28.86939571
44.9610136406
20.8298174848
53.8260869521
58.3908045937
28.2778827392
41.8192918136
14.5845133049
38.2323232289
22.6302675537
41.3790878952
63.7000194478
23.0158730148
36.6822578807
41.3115942012
9.59441439329
34.7071512958
37.2093707282
36.5285527731
59.2400279724
52.6124833451
34.1600082573
18.4306898322
51.5186615158
45.1969588544
36.3408645104
40.0617037269
49.3563387776
56.5151515054
65.255376342
62.7911873887
44.542124536
73.2112332011
83.01587299
46.4814814718
33.8115623311
57.9048582981
46.5229215191
35.2155925576
36.2833914045
32.24206349
48.1093189949
54.7650417192
49.2481202983
43.9789789766
30.1581423624
25.3068964681
46.5213536839
56.2831245139
35.1097250792
27.6180464629
13.5010844277
35.1515938878
31.6206894425
47.8044380836
45.2845328571
40.3689863651
36.5818730263
48.9737415407
45.0343200331
67.2936477094
99.999999973
13.4920634903
52.723511053
25.9083281398
51.4343225234
82.0806100124
26.0606060583
38.2226355901
45.5696813216
39.3637992819
44.4852464547
43.3335712086
28.0064949349
23.3058135522
53.809523793
45.0710666143
48.3868483062
69.615705928
69.9924026564
48.0836718129
51.7809912214
48.8043129701
56.5151515054
38.8779095292
47.3210364494
32.9295333369
43.744526412
23.1513743703
42.5580004522
46.6592279372
41.5106498425
41.251251249
35.542060278
11.1111111074
40.5423280328
27.4485978678
41.8879571387
47.3737373656
54.6103253953
37.3916426538
25.5388903514
43.2222306219
50.0696864099
38.8888888602
47.7203065102
54.3441938152
65.4512916259
82.8861369063
18.9678649216
42.9575163372
49.1340530802
48.5235896604
54.5407636709
47.3578841975
26.715686273
3.33333333667e-05
26.5652051182
31.2784437153
39.9293110998
15.4582235061
51.8387936281
34.1252289771
41.952861945
55.8403361313
50.7070707025
69.2223099341
13.4784590935
14.9639637416
41.9553087794
32.2632010797
8.73881416761
21.6540229992
38.6079616505
56.6263467406
18.4729064033
51.5686274447
44.7434794648
99.9999999539
27.7927296167
46.0492633651
68.8089156432
45.5135108116
40.5114283895
43.7279384636
46.9564854493
44.6221982484
44.0649506152
33.4368080552
39.0924053784
55.6222128665
55.8151260493
45.7146057333
48.4109311729
47.9937641714
47.7855638821
24.574660633
23.0039061796
47.1947738212
44.0495642652
73.8888888551
34.859584857
35.1493357501
24.5940267884
57.9810198726
30.4956241373
61.4141414026
46.4002215285
53.0762575684
32.7696078392
30.9253650736
31.7932334071
29.1848795176
99.9999999539
26.9001065933
38.718175126
43.8888888731
77.5255131208
53.3848566291
21.6449643434
48.3211233174
41.3095238042
47.3210364494
34.1269841247
58.9920948591
7.04629279815
30.0976800954
51.1582115094
21.396910412
72.0202020077
16.0243790477
38.645348067
2.78324923291
23.4541360963
32.1241830046
54.0656040628
34.1348265233
41.9528619488
34.4851333063
27.8404558384
28.2485243713
38.0492971628
18.095238094
45.6713679575
17.0370370353
34.953652205
17.5571108696
17.4589286234
12.4242424231
8.59246975617
60.9649122775
24.167593621
35.2244116013
31.4903396244
29.7130111726
31.6557197581
49.3865382357
3.6111111088e-14
11.0222371137
6.66666666333e-05
3.06566200746
31.8855218825
2.24640985016
7.27943093414
34.0641025628
1.43767531004e-14
56.1111111004
66.6666999167
8.22579470785
22.197712417
35.9331830376
35.9595959579
46.056721053
6.06060606006
11.0659915487
11.673066786
27.5199333177
24.4277588954
8.7490438547
30.5494505473
45.6565656479
21.6666666576
18.1118613473
23.8198941304
1.49085744458
25.5084305394
12.1212121201
35.2368789138
6.06467224428
15.1048285187
11.1111111074
14.2037247903
2.9370270826
21.0988003487
26.9728290646
15.6989324599
18.4694681251
12.4073034973
39.1290090329
34.3860309256
4.03086535537
34.3964252361
11.9920318981
11.5147421208
26.6238522719
3.36961477478
16.7628154461
11.8952772524
28.002797542
20.8922778278
32.3590433604
18.6224619557
12.9807881839
18.4808189679
15.2038947245
29.6659480866
15.2336136203
32.2633948016
45.1515151437
19.8529411741
37.1697774285
3.33333333833e-05
33.8130085895
31.2312312296
34.1859903354
19.1673569899
33.0195681503
23.2964736195
28.0820511839
22.087520679
31.2713523232
9.52380952109
20.852418402
19.7404244372
20.0773757839
25.890870627
17.1629784893
49.6038342456
19.4167852057
44.3566095721
14.9639637416
46.121019804
19.6952017782
11.0408105985
14.262539722
25.4821716614
7.27943093414
28.84557945
22.1955123617
35.6171961426
35.0246415759
35.9595959563
6.97135609444
22.2895390733
32.7849927835
28.0889753322
53.083028079
5.28947015702
33.7404722681
20.8464384931
5.68213998724
9.55182072774
21.6666666576
17.7710554162
16.0335153545
5.19200521814
26.141244375
41.8497785549
23.598954075
14.9596965382
6.94444444416
16.4794562157
18.884408601
27.0963327851
27.4574372751
17.1538980178
25.0427350417
14.8859922753
30.7650475817
13.5324889152
30.4122639417
20.8979504949
36.9155336767
19.8747187246
27.7865875543
20.311986863
18.4615384611
23.4563492059
25.3395475098
27.3729554287
1.48753439995
21.6728913776
25.9365799632
9.16245072941
19.2474339391
48.3722697038
33.7053453593
16.2270531388
22.3500796227
16.1928104565
38.1760057668
27.5793650721
39.0096618349
23.84425451
11.2171694854
9.79481526323
32.9757085012
26.8123213516
24.5545216801
12.960243041
26.4842047915
12.7623690779
21.730375413
31.6918284788
34.794637551
38.8888888602
25.4435483863
21.5514275863
6.97807315043
21.5217527342
28.8801843231
22.6571699896
99.9999999056
35.4527009577
31.3821444242
1.69841269812e-14
20.176818126
21.6023635692
34.1754079249
31.0217551773
24.3906809355
33.6589309472
30.5067358784
15.2958152944
16.32853161
16.787702348
11.9047619039
32.9526463489
23.6472932199
60.4816278716
10.0343002571
11.6476019475
42.3142717484
44.7423835111
38.3858795256
0.973696673946
16.2181629571
11.1111111074
23.8176219033
45.766522766
43.7185755766
22.4684224913
12.2972608438
20.4250162913
15.6271136772
33.7420718808
20.1370851352
11.2615061237
3.70370370329
31.2938349998
5.55555555463
14.9065869559
2.05555555512e-14
38.5195222313
18.7740391032
4.74775145235
23.1604227024
38.1989276716
1.12320492524
48.7477695601
23.1818771062
42.0595349978
27.37935918
37.653279164
30.1709401686
21.182975164
25.0275403599
36.844919785
9.03262094057
11.1111111086
20.6951891157
25.3543042318
43.6647173445
17.8158320062
35.0975957339
32.4163665347
70.6493103239
12.526814506
18.6660221039
22.8932304989
30.1153846142
32.3409565032
17.3501421327
31.963542489
18.6939571131
17.680745274
15.0049982098
33.0899015153
45.3067632832
27.9299562213
47.863429825
26.1976911965
36.7971491323
32.8571428556
37.9694154075
34.1324428242
25.3755117954
45.4980842896
27.658119657
53.8095238007
29.9813117455
26.1205360835
14.2641523186
99.9999999056
21.7072469509
39.6971944122
23.4705215415
36.2917096624
23.9392212708
30.6948219725
9.36819172061
17.9150799575
24.6031745995
19.995581136
41.8888499297
29.9196281748
34.7938321895
27.5508640167
39.7099069499
37.7025237804
19.1135361239
25.9032274632
12.0555555551
19.7832312267
11.9241192409
38.6754241913
36.4297385599
12.8304633318
17.1368078923
13.6323540677
16.2826086943
22.1605172264
35.2056799867
41.4807347657
9.87654320951
19.2261345037
23.2907471921
38.1144496099
33.8982259561
46.1384026581
23.0734960642
53.8095238007
27.7090649198
5.93933735816
35.2748414368
2.17146352458
30.8089668585
35.2663395863
15.8366755789
42.0634920575
23.0586469942
37.1862348169
34.5139803828
29.4516594503
30.163398691
32.9307007348
14.2429356897
25.9598352921
30.0569183897
1.4484126982e-14
35.9402302387
52.7235110549
12.2529371553
58.8888888672
31.9083999375
49.4985273489
4.91072721797
26.7596072829
29.0759489263
30.6858911688
38.2688356363
24.9124247392
60.5950940559
33.093392395
17.7739202067
74.4172494053
34.1873951683
30.7305654876
8.33077913506
30.2968066985
10.2140845182
29.3346022136
16.8000852828
23.2902652475
48.178475933
17.8328568483
53.4567901214
35.2477203344
35.9506303874
29.2784163453
28.9249762561
32.36291885
11.7543859637
19.1324512009
11.2200435724
18.4010401325
40.1518655549
26.3839423731
15.2938571463
35.520805121
27.777777763
39.7608841449
13.8614364757
26.4709808279
40.1236630992
16.8639191391
37.9933703353
50.0964830362
23.1112015845
25.8015576618
17.9330024563
6.72222222195
16.9169183589
13.2540435168
34.7908117996
53.2132001726
44.3008716181
26.3051619405
27.0735973134
43.4596178888
31.2442856263
22.1124551964
21.5514494861
12.7276601423
41.5143369162
20.0461591525
36.5318695592
20.5050505032
28.2680490209
46.0654337479
26.8652954178
28.8774928753
32.9118592268
48.7929956211
24.7947454836
18.9759394348
23.3877995636
31.5634957337
30.0849070401
28.3643410103
25.8634018945
26.3181312561
39.0374816586
37.9107312412
22.1667591032
13.78066378
27.596326164
32.6420431798
40.9815062376
14.2300194924
51.8648018605
23.7528500216
18.3416829581
21.7578259362
31.6231326063
39.8429883676
30.3571428494
35.6059834093
17.4776828104
12.9497225526
40.983532757
25.8334535587
24.360313743
30.753095469
9.20993198725
44.9081074842
17.7525407631
12.7850887276
14.7933276999
26.6780164919
26.2372069741
38.9602856528
41.1990165715
16.9007213294
8.32100653068
1.24675746661e-14
46.0973118856
15.9844054572
15.5308321004
29.6811681534
26.0330131844
37.7025237804
28.3333333273
31.7737257801
18.8023491693
25.1048619463
35.5154263072
23.2214854462
30.3125606768
28.1900890431
29.7713049683
22.0507578647
24.455518641
34.0496749016
65.1724137909
41.3987671331
31.4212629633
32.7161451969
39.74637681
50.2863367555
19.6311858071
31.9165337581
32.1179904099
16.7816091948
31.8855218796
23.0464501005
10.4838709671
4.42325043168
26.3540082695
29.9892253162
7.74358974329
37.0241545864
50.8370415841
14.0035117875
9.39393939306
30.7529370009
34.6664478234
22.7162933666
16.7989417977
15.577824245
24.6249756474
16.8199233711
10.8140225784
31.3478260857
24.9109791108
33.918470827
36.0737138653
28.506059147
24.4660682676
10.7309308007
19.1597283424
43.1713900124
6.53701409245
22.6618157605
20.6546061631
39.1771808424
51.5987235721
15.5384615379
18.6639112827
30.6746210977
22.6264954829
24.6686216902
12.6099642405
14.3346441641
25.1691715359
52.9927760549
22.0567171881
29.8712935791
39.1235364909
34.1868201415
42.241545892
37.1680986057
13.4264269347
32.1607254526
5.75373630796
25.8350885638
39.1587165686
39.0940170925
43.3120020057
20.8949096873
23.7530387524
43.3841520779
10.6133916266
34.6464646435
34.7058858932
3.70657624919e-14
12.2738214122
45.092436973
20.2219328125
30.7349374035
14.9097815759
36.7367149743
40.5514775062
21.051093543
43.3120020057
38.0843064526
21.1501570319
9.75706657499
35.95321775
46.4843460384
28.363437328
29.0086701341
25.3120336445
14.1538461533
37.4025973991
41.0563765722
34.4614040483
26.739926738
13.1398209492
49.6772075706
17.7264239024
7.40740740658
14.4444444437
24.9074074047
42.1839361342
55.9693822345
12.7040781669
42.5824175792
29.1317763116
12.4756335276
18.1354423996
33.0105000302
39.6781495663
14.8148148132
23.3229945865
2.77777777755
2.78324923291
26.0048667829
69.1245791114
50.4489916524
49.4510320575
37.653279164
25.2975938934
32.449275361
19.4905431742
46.4082214065
35.7804232721
6.71321346733
25.4477004468
19.2450730815
18.6054132563
22.0612676001
7.407407407
37.3454426076
3.33333333667e-05
17.8854576803
23.8445903684
16.5051378988
20.633528264
21.131665303
29.6209099943
6.33033526981
11.1714975841
11.0151521134
55.6471306429
20.1316746931
37.1360820742
25.8351512981
25.1645465495
58.5887939199
37.4487089882
54.6740380746
31.5357482013
32.7274453929
31.1327521846
41.7929903771
65.9538028883
19.2307692294
17.5596844792
24.4199346376
35.0246415759
19.872378819
18.9814814793
22.6563040791
43.1889838524
24.854057049
8.58664235546
47.8790366705
28.944057297
21.7830738988
55.5555555398
30.8687363817
9.15038547085
36.9711806919
39.6600816308
16.8760683754
61.755668933
42.6449275345
38.1436453673
30.8687363817
32.8110139613
32.9199558602
13.3333333324
2.28671514965
45.7224699448
50.9345258517
11.1714975841
46.6276803095
73.5785128921
29.7826086933
25.4940711452
31.6836262713
14.6505376339
24.0552570361
49.412496036
17.2686972682
14.3771750635
61.9937275966
15.5209730377
30.9570494847
21.323317205
17.4202701011
14.0241516464
26.6373752436
25.5559368448
41.7326233105
35.0212193283
22.5103861186
16.8845315895
26.941136098
11.7673422547
19.7719235418
15.2236652223
18.787543308
15.0970863403
13.8480392149
24.5894578005
36.4587878005
35.5429842621
25.7035766465
25.5007086356
5.69860169654
18.6079460655
13.4210526309
17.603567902
43.9599555032
22.5433733032
46.0973118856
27.791702113
26.9236482464
17.9720853853
37.6619230054
33.6555814468
24.8290598281
24.7169368094
26.931040751
13.3861135929
16.2748733155
20.2554961367
32.5081699327
26.4296519429
36.171633726
14.8148148132
38.4377703609
28.6428172846
43.3031353872
44.227638197
18.256863443
12.7014042226
49.0505541257
29.8459047416
48.0017566952
35.4415954402
41.0921120677
16.4277860177
7.08159123007
49.75186923
17.8189632837
26.8033209495
32.3359714935
23.6487862489
19.4905431742
31.7661599297
42.2286572264
15.277777776
3.61199124799
24.017223562
24.7883285043
57.3506807178
49.1078270372
26.4157706085
34.7874189961
21.6666666576
24.8340548329
22.3571749876
99.9999999056
40.1188287971
15.1508240583
25.3741039418
21.7948717917
28.8908595281
49.556297117
28.8300094956
52.4154589348
6.66666666622
23.6603285238
37.0762259599
64.1013071856
19.3833496247
9.999999999
10.5967813822
24.0834301189
25.5891608177
25.1954763577
16.8421052615
27.4801116899
19.2746288794
8.22579470785
35.4308636852
7.51854759602
17.9894179888
31.301978786
17.2642140113
10.9955775977
10.3445136624
21.8291872353
8.77192982364
16.2362259435
11.5897435893
28.0313588843
57.274955435
36.7236467223
9.5038885362
11.7886887053
79.191919184
43.7876299915
18.3162393155
39.8830409347
9.70590791218
35.8671010846
32.3696598245
8.18335016936
38.3588281041
22.520908683
29.5859740295
30.0277806077
44.595959592
12.8354567827
21.240016104
30.8870409535
21.1634056048
41.0797101416
43.4879625591
24.8638344212
15.2454105795
35.0278086752
24.4771241823
18.0171267153
23.6560999539
16.6666666611
29.4487015741
47.5582437261
32.5565284396
40.2988702978
33.5876275144
27.7777777699
10.5450826832
24.0545808942
7.46282092281
66.361416359
36.4226949847
24.2175413231
15.0793650749
22.3748473732
38.6928467778
30.1392849936
32.0491719103
13.664486176
20.5177649348
24.6720649379
20.751064653
11.594202898
20.1516400655
22.8869895528
17.5385631118
20.8571974497
48.1397829202
55.8436979475
35.716110697
10.2564102556
31.3846788555
28.2695512436
50.8651734727
36.6248812902
27.961746638
24.2940685034
29.5428621663
23.512211901
17.4738980162
21.3437328947
47.7777777564
13.8224281667
37.2256277544
11.3894574967
27.8881075109
14.4895161479
31.2375213758
47.0016339813
24.7698316874
50.483587301
4.76190476054
15.8290232815
23.6779560302
34.2207792192
37.2093707282
32.884645034
30.1697264983
19.4377687266
35.4415954402
5.32173711698
28.6715360745
32.9011595195
12.7878893502
48.9624505908
48.3820662743
33.9156725335
23.0900957621
11.2984899178
37.5808594375
76.6039885982
66.3466872279
16.3381642505
20.501792114
40.3097269324
34.2610891509
72.6587301494
28.5652173901
24.8353096168
14.9492753617
19.2063492054
30.7549283144
16.7257825726
34.6355925329
38.123931621
38.3574879211
6.66666667e-05
36.7009025822
7.40740740576
12.0925960661
50.3769841237
23.3418215764
40.8802308764
22.1406612701
23.3327538033
58.0086392739
25.4847427274
20.064935064
18.3741226705
6.66666666644
15.5982905971
22.5309797534
42.6762063573
38.4385123185
21.6682327138
30.2108262097
22.2222222074
32.8526570035
42.5391097789
51.2717716791
27.6388967259
79.1919191768
27.1050411481
39.8042439885
51.2422360203
28.4141265541
3.36961477548
21.615808074
37.1490356908
30.3571428532
25.1772382196
7.0448498683
38.4736126548
11.0747855556
33.7236814668
30.9866456689
28.8333333311
45.7237454021
38.0094966747
38.6902371824
16.8609742742
49.1452991386
19.6947738248
34.6648672947
31.3418803407
24.6598233185
34.7303921547
17.6190476182
39.0415140401
22.8738512938
17.2319108186
8.5858585844
22.88156288
9.52380952313
52.7370478951
26.2426341521
18.5087719289
38.8888888602
47.5986975953
12.2988505743
3.81068408461
9.0909090905
25.0945494978
25.6088078904
40.0784814165
58.1706501226
9.78260869483
34.0749863152
43.3223362632
21.4871116346
27.055281882
15.8869395703
59.9487030556
13.7085137079
28.1103389324
25.8020050101
43.2325182313
29.0263984373
12.1212121207
16.9050832204
43.5515872987
4.16666666615
48.567251457
38.4596683554
38.2891158461
38.1474014325
41.8627266435
24.9945311453
46.2204919016
54.3518518459
26.6962933692
79.4444444282
24.9844019114
55.4901781894
8.65635247865
47.7485380093
99.9999999539
35.6565656549
33.8163144036
17.6610828777
31.7350848375
10.1802680509
30.8941589984
10.132575757
13.9055101027
8.33333333125
41.8164024191
41.8094178703
