3.01778947355
2.86274269223
3.07111099731
3.26836959008
3.03943328108
3.06776290258
2.82276674005
3.12724561465
2.84447605741
2.82686304535
3.05501567254
3.40028269326
2.9164942504
3.20014674679
3.1957482248
2.88287872183
2.94601154421
3.01960266473
2.99506546416
2.98702831931
2.89526564268
2.91838218121
2.88815290952
3.06329568257
3.07536976168
3.08177617697
3.02002520815
3.02994817422
2.75068363698
2.98704158289
3.03388151663
2.99829534346
2.8797411353
2.99051958223
2.91752707633
2.96758350587
3.19971230324
2.89027806664
2.91113310515
2.88769140862
3.05623076175
3.00931733799
2.89222070791
2.68713458895
2.97378362209
2.83730086689
2.97814726049
2.86236735379
3.09361712765
2.91914584907
3.02514510755
2.92890949949
2.95081601711
2.89947461167
3.06707184524
3.12679180699
2.90246055778
2.90337317229
2.87003113461
2.77989805908
2.90121212108
2.94584854771
2.86940926235
3.01785935532
3.02657256715
3.12456952919
3.14017435625
3.05636085099
3.09051882608
2.84099614014
2.92870903298
3.25418859866
2.91384117526
3.21393242429
3.19615361921
2.95221392325
2.97461969792
2.96964910819
3.06105169652
3.04701681881
2.88369303733
2.78770336213
2.95227667115
2.98124071683
2.74122122574
2.98395405701
2.91246514385
2.88690160147
2.9476336128
2.9378971546
3.0431019639
3.08162675386
2.89242480357
2.74557699916
3.03707175158
2.84900985227
2.96712071156
3.10006319871
2.9929879401
2.94367359068
2.85587288793
2.94617704971
2.67465344816
3.00198233562
2.85857343473
2.99345048056
2.76624817456
2.83729866595
2.90097352301
2.97780694339
2.88588765661
2.96990617265
3.03551843437
3.0900436062
2.99343506654
2.83981122095
2.87302767136
2.91808351985
3.13010071012
2.93611480542
2.89468471482
2.93850813871
2.95498135843
2.94804757007
2.86351949385
2.91989496422
2.81045242671
3.08499360973
2.8772858091
2.99523865932
2.8738428842
3.01046258727
3.0342069272
2.99529063842
2.94924408646
2.93659835231
3.01292474375
3.06820930353
2.92098106067
2.9400904025
3.00406114873
2.92500058873
2.96318341391
3.01865386061
3.00965629978
2.99533569916
2.87469735663
2.92768579708
2.89758523515
2.99037334864
2.93334859074
2.98055032017
2.99313531448
2.87730884574
2.89243387095
3.20701196539
2.99332380548
2.97959495628
2.84426108092
3.02627088479
2.94411919409
2.83532542606
2.88264548706
3.02784148938
2.89136548116
2.82315386717
3.11239582379
3.33559336495
2.93966296557
3.0365818699
2.7918397973
2.95878513217
2.88179301354
2.84106758221
2.77785373608
2.88713188276
3.11482759412
2.97846317827
2.89238125022
2.85763820212
3.06294803895
3.1128345414
2.85865085955
2.99967420299
3.14466065458
3.03975215284
3.00149352975
2.9385266893
2.95982303829
2.8919025876
2.92078685717
2.81939536759
3.04438988062
2.9694083735
2.88177703189
2.91090096174
2.94797736955
2.87638618553
2.79450937645
3.13967897491
2.90722438219
3.02813234543
2.90235717325
3.19527333989
3.15611261908
2.85677704951
2.96970907921
2.96274650833
2.82421389581
3.18213148305
2.94074564394
3.06597615159
2.98016762917
2.79302219494
2.82556313187
2.73880944339
2.97300391647
2.96213004833
2.9976495657
2.92722433191
2.92830341943
2.81284968334
2.94230181351
3.19343248745
2.93339712681
