50.7070707025
60.236985232
22.7272727234
28.0757889441
60.2369852274
41.1512497705
6.11111110657e-14
57.598162069
37.3672687441
49.3130058325
55.0360750335
38.6888273719
48.7478632441
63.2293687665
25.2563477353
59.6536796482
65.8068782987
16.8740169586
58.5955635783
60.2369852274
59.1130604258
24.8638344212
57.261208574
74.6240601467
34.6464646435
58.672500337
57.6851851731
44.4600062222
13.333333328
67.5872688593
58.8766788725
49.2238562061
58.3533998363
90.6204906164
47.001633984
99.9999999628
99.9999999539
52.1449275341
21.2426201628
35.1919926595
50.9275362298
77.5255131208
30.2075702055
43.3333333238
60.236985232
53.6549707548
73.1472359033
59.3536856664
64.7222222152
34.9206349104
74.4172494111
52.1377995612
47.2237694188
34.9999999926
27.9286327842
61.9599034543
99.9999999539
64.6080368879
53.0616135699
74.7232864997
99.9999999389
51.9747899145
41.4665581317
99.9999999763
80.1669403366
41.9528619488
78.7946859871
99.9999999389
78.8311682754
73.3359932183
71.0101010067
74.6732026097
81.2197159525
66.4230019458
26.3888888859
6.74809360793
58.7373737322
43.0264180229
20.7407407386
32.8978859607
61.9689542448
56.3865147178
37.5647451945
24.1075317447
39.4841269794
66.2868605388
59.4200046438
99.9999999389
9.47353419135
27.6014855142
11.1111111086
49.1970121368
47.849981831
40.2369281023
55.1851851735
42.1855921824
57.6851851789
64.8773448743
51.3986013944
85.3235653118
36.1493851914
35.7958466638
64.7486772407
38.6757683808
35.4207815505
34.9099617223
56.5151515101
50.1153167801
43.4615384598
73.6772486681
25.5777534495
74.8364695316
56.111111091
87.656063739
49.3358395942
43.4500282307
34.4627594602
32.5589225528
64.9230769205
82.7894327762
42.6960784288
48.2141443286
49.422705312
59.3253968098
45.6192358347
48.9624182977
41.4024708529
89.9326599154
66.0317460206
40.5943209523
68.3531745944
34.3062441534
47.6791433988
36.4361774017
38.1467891741
54.256474517
11.1111111037
29.7289666842
94.1040304903
99.9999999056
68.1454248284
31.8686868659
45.4294425238
44.542124539
35.7948199409
36.9082125589
61.9358974334
46.9436893845
50.2550343004
33.3333999333
69.3111236528
71.9090413901
21.4285714258
63.5784313686
53.017094015
62.8411812606
64.1013071818
44.542124539
38.6507936483
91.6278166201
64.3196672589
42.4734299499
88.7962962775
53.4567901214
52.0859940382
57.3120914997
42.5824750427
56.5151515101
62.9076479018
32.3801742901
34.4841269797
23.0555555527
61.8790849598
56.2474562454
70.989010984
50.0487329409
64.4444444209
65.0352733662
70.4365079274
46.3485789552
35.2020201989
99.9999999855
64.5711500941
52.0288670994
62.7242595589
56.5017412111
37.3748473722
46.4292420357
49.9455337662
99.9999999539
58.5347985307
57.0634920597
99.9999999539
52.5975286292
42.3148148103
89.4541910284
99.9999999788
35.8640082743
46.8181818102
70.7392473096
70.858585852
65.8938451671
40.0183150153
52.5534851598
48.8344988305
66.2086705535
19.8412698355
55.9734093046
43.5415900418
33.4222989531
49.1801398869
9.09700836587
75.9531590327
39.9395253595
49.615604875
51.1236500326
65.0547345353
49.0870240792
32.7777777742
68.0010206185
63.4360410813
22.7272727253
58.8351254443
48.6650781984
36.4117457317
42.0663643517
36.1111111036
39.2300194912
58.2900432873
48.3251633959
35.9878454286
61.3091184752
60.6038647318
41.2794612755
50.2854633268
63.4920634833
52.0512820476
51.6305916282
66.2409812378
56.4718614692
65.6565656452
47.2097727967
65.8313908259
47.1428571286
58.0337690598
74.2892156817
45.1465201399
44.9026833569
28.8552188498
43.5683760666
24.0740740716
42.9039185605
38.4331504692
43.39285714
66.0439560393
46.4814814718
48.3853311422
64.8605621377
45.538041706
19.7419072988
53.8095238007
57.5735294082
59.9090205159
31.5761127104
66.1835748764
45.6713679599
63.219147999
45.1760008665
66.1450134841
36.0818713432
41.0186983079
6.53701409168
42.2438672419
59.8304096422
60.7031856981
60.3718537155
99.9999999056
44.7529410036
67.3853722825
54.2211328944
67.6218323518
46.4814814718
47.3737373656
89.2592592503
53.4905387049
38.7262056789
45.831052726
39.4444444362
40.9016303742
75.1984126877
63.7499999958
42.311962538
47.7777777564
62.8787878731
41.554887449
51.7885963054
46.8411334366
51.0319917413
38.3999255714
48.7903667197
37.038866927
37.8106852488
38.4183449384
8.33333332917
36.7259552027
73.5312376907
15.277777776
77.5925925839
34.4841269819
66.1850705158
28.5218658058
34.642739905
23.858651178
60.0020349998
32.313641989
57.0213675191
44.0136660712
60.6180483824
53.8095238007
34.6542346515
36.5332243988
63.2101449224
53.3820662714
48.7518037495
45.1463161008
61.5756871839
62.4202072571
36.0107709342
45.573902073
59.2027272403
64.1363229045
47.3589743571
64.1268203119
29.3650793608
45.6565656479
64.1013071856
52.1613190715
25.6069595355
50.1567717498
47.1428571353
54.4444444204
23.9972721195
44.2810457466
15.6527970798
54.8534798494
46.4814814718
88.7962962775
30.7841976673
80.5555555352
99.999999973
9.80552113751
47.1428571353
23.202675618
23.7729545522
55.9595959546
69.6428571243
42.9700734029
54.8534798494
51.9047618966
69.6428571243
65.1178451114
38.5130718908
62.5465056854
34.859584857
43.6904761876
57.6728826681
60.9188034164
75.9259259176
52.9596622876
63.3699633606
86.2705196007
66.1480620078
23.1481481429
62.2970521529
39.2915479553
66.244553373
40.5181395735
73.8888888551
65.319064322
9.95182375603
48.611716891
93.3134920573
65.2466448052
74.4172494111
35.277777774
54.2540322563
58.1857728509
14.8622981945
59.0646475683
69.9002407942
61.3690476112
76.9813519691
27.1150097452
45.4649696111
60.9188034164
99.9999999539
62.7192982392
54.4995722255
55.2418595872
32.479073499
49.1452991418
11.1111111074
35.4747759007
84.9999999829
51.0383336447
44.2810457466
36.4297385599
58.8766788725
78.5185185108
66.1899335207
53.809523793
39.3896248934
8.33333333125
65.9722222137
14.4688644678
49.0079365013
24.603174596
54.8539833805
25.2892822822
42.8510887015
63.8888888509
72.0520421576
21.3649148498
44.1604010003
48.6868686821
60.495891249
35.7804232761
36.7748698967
99.9999999539
3.33333333667e-05
68.252689554
55.7239057133
60.4926108354
56.5766550509
81.1111110977
61.6666666626
56.2026312011
50.7070707025
37.6873751787
57.4463937563
19.0476190422
48.8753387522
38.0140587659
51.7656320275
52.1297534149
57.6728826637
29.0909090859
67.3444873426
60.4116500368
12.4999999984
62.5788326992
25.595238092
65.5372405323
56.3125763086
30.6237816748
46.6276803095
44.8196248175
70.7936507819
29.31235431
66.1835748764
56.9012943232
16.6666666625
16.6666666646
76.6339869233
45.8837408812
39.5970695943
49.5080721729
52.5406315992
76.4346764288
55.6471306389
38.7896825372
19.003831417
9.52380952109
54.4444444312
20.7735042727
37.2405372378
54.0658915391
72.8282828144
16.8421052623
68.3150183098
37.2405372378
36.8253968142
33.6803610324
26.9686678603
99.9999999628
47.3544973436
39.4444444362
49.5080721729
33.9135304649
73.211233206
5.97109425304
34.4398578126
36.4252810095
34.8989898959
51.7821067797
19.8412698355
79.444444415
49.0476190395
31.7460317417
40.9285159252
9.52380952245
52.8589743569
61.5758507979
57.6728826681
46.3862414453
42.2257415779
37.4320124261
53.1746031621
70.4365079318
46.6400966146
35.5555555492
60.9743589719
42.8414580552
45.5644987357
34.5507402806
37.6767676703
64.1230997383
53.492063489
59.4569728277
51.6942777101
37.099253402
33.7612822897
47.5898093812
50.3968253835
17.2619047597
58.376068372
46.4787581671
59.8233618211
40.7287157268
58.2237819353
65.7020756974
47.9316484518
52.1449275341
65.5555555418
68.6091686035
21.1111111085
31.7460317377
47.2599184263
28.2407407349
30.1587301542
32.5589225528
44.1604010003
62.5766416577
61.9871794847
71.2030075153
35.9941520449
44.4945697555
40.7371366341
75.1984126877
56.9671873994
16.6666666625
26.1192810426
64.1269841074
11.1111111074
74.735449726
85.6627680267
37.3512011547
60.3988402639
37.7318295721
33.735573583
28.1570258558
58.442545107
35.8602734343
44.2810457466
32.2726751502
43.8888888804
47.9960317429
56.1111111004
40.2754250562
52.9927760549
51.1594202857
46.8915343808
44.3274853758
47.121889689
80.0366300256
65.5555555418
99.9999999763
12.4999999969
46.9264225861
58.9911208844
79.444444415
40.079365074
59.5021644994
19.9036475037
37.2093707282
32.5589225557
46.1328976008
73.9510489393
28.2828282781
9.52380952245
75.6902424437
61.6569420889
72.2222221981
22.0751633974
62.6262626206
43.109161789
60.5921855833
40.8969886634
61.3963161004
80.9395424738
50.8955178477
73.2651072086
30.8382288048
58.8888888672
31.9642857122
50.1395730689
60.1267199455
53.6847267074
55.8746438725
99.9999999687
55.5402767151
49.1452991418
25.9786665376
58.5887939199
57.9158520673
49.6304535888
57.206682202
14.2857142816
60.4116500368
59.0333190317
55.6127450946
47.9584017499
40.549993819
51.917572886
19.4836516561
57.6921879847
35.3174603133
38.2323232289
25.4483430786
27.0370370343
58.8766788725
54.4289044244
54.8058592142
45.3445747787
34.0005446604
46.8128654946
56.5990138714
29.1104267651
61.851851845
76.5316205469
53.5433576891
78.4391534206
70.1489819693
53.1991744037
99.9999999871
15.0793650749
65.7020756931
24.603174596
36.4639116458
72.0169082096
37.2249920753
77.1033314477
55.9314954024
66.3453219605
16.8740169586
38.6072206639
19.1037175646
62.2976084354
45.1443654879
50.1515151471
59.2705313985
46.8361218348
42.2137353256
39.7870897667
56.5151515101
35.586635581
12.3686952384
63.8398692771
39.5652974171
54.5125164667
56.0098522148
31.7978703055
47.4193004608
66.0952258904
58.8658322304
53.2178932154
62.3076923052
44.779411762
47.3737373695
56.9393532077
41.9916072477
47.3737373695
72.6587301539
57.6851851789
37.6917836624
35.277777774
50.9382640221
59.7023261994
16.6666666625
71.6394716335
31.8686868659
76.7592592508
42.7401837887
52.632688435
49.4444444268
31.9852941157
28.6728696268
50.1770152476
38.6195286158
37.5757575722
72.0202020077
58.0280830237
16.6666666583
81.1616161475
31.5761127104
37.8286541878
34.5238095193
25.595238092
66.1725354231
56.5476190324
47.8158841394
47.5814536317
35.1367521354
62.1031745885
36.1111111012
73.8888888551
53.0065359445
87.8876678755
65.9538028883
24.814004439
59.5343137218
63.9363722673
43.8888888804
51.5270771095
21.4519592803
40.7352941152
58.7542087431
58.5626004183
71.4646464582
77.3191147721
61.0848630052
38.0410283894
68.6080586032
56.509856629
63.4716732489
52.1164021101
74.7354497177
54.6387790907
57.5735294082
53.4510979397
61.3281779926
61.0714285674
47.3737373695
59.7957516303
60.9890109843
56.5151515101
63.9297385548
35.9126984078
44.9591096948
84.4949494802
38.6195286158
14.8148148132
74.6732026097
53.3105413065
99.9999999763
20.9401709385
38.4783798551
13.3333333307
23.3333333292
61.5758507979
16.7510986099
55.0784822624
68.8559814153
40.5773420456
34.474857722
27.9538396681
18.9663299274
36.8137254879
99.9999999628
56.9914514716
56.8783068713
69.7222222145
66.0317460206
64.4444444209
73.6772486599
66.0317460112
78.4391534293
63.7499999958
92.2013295277
30.3571428532
46.1384026581
77.4206349155
69.7874493909
16.6666666583
55.1587301441
17.7272727257
77.9808959123
45.5593542226
65.0541310516
36.8742368692
45.1790476441
51.3468013418
40.674603169
64.1612200363
47.4257539247
35.7359307326
74.4172494053
27.2027290421
54.2405419771
51.3675213605
13.333333328
48.3766233744
50.6201124129
79.6428571326
24.8279569384
34.3984962389
99.9999999628
99.9999999628
37.4490244039
76.3888888728
29.0843582712
50.9661835726
24.7601314032
79.444444415
73.5328103118
52.895310168
58.8766788725
47.8263872242
63.8784097486
77.8946642142
52.7128840417
65.4647313433
68.0228758128
68.1454248324
56.5476190324
77.5217391272
66.0130718879
52.0857699778
62.6352182575
47.0933407979
67.9797979735
39.8004815919
49.168755219
99.9999999056
45.1352656986
42.5824175762
78.6021705157
20.8717387254
32.8528857253
76.4346764288
32.6420431798
78.0364923701
63.3699633651
18.972332015
24.6031745995
72.2651298031
58.3533998363
31.2318840567
68.7118437066
71.2030075153
43.8888888804
51.66996909
52.8034188013
72.2651298031
68.3150183098
55.7717569767
80.83411142
94.2265795155
65.2344462666
87.9629629532
45.0521729135
42.951650061
63.1605738925
52.1113034955
28.3333333273
62.7736006652
82.7894327762
37.5633528246
59.9567099511
34.9999999926
70.6631532658
51.6963975268
47.0244238021
58.7661965308
58.2237819353
75.6736612732
40.7799671579
31.7460317377
47.5814536317
56.9145299123
66.0550425458
60.5823304115
46.6276803095
61.471861469
45.0408496704
41.8587317923
68.1642542895
33.8219147987
67.7294685962
43.1481481391
59.0017948693
68.9273504246
51.8648018565
37.2514619874
35.7814470798
23.3333333292
51.2383900874
72.7489177422
55.2287581665
57.3120914997
52.9007908851
82.7894327825
48.0134680088
37.6496424288
52.9973649516
36.0663082426
65.5555555418
30.5555555486
19.230769228
55.3513071861
30.8061014063
56.4323671452
41.5436849617
23.3333333253
99.9999999788
6.666666664
45.2186904391
56.0108604818
46.1837606819
55.5945419074
73.488718601
85.2445829234
50.5650730335
32.3801742901
58.0384615362
76.037851032
57.4854158166
45.6182893756
55.0618794519
48.9865689799
61.7885635832
36.9735663071
77.3191147721
74.4172494053
64.2881016023
44.081035921
51.6686801559
56.7208909285
40.5423280373
55.5753208032
54.0253411278
50.1515151471
57.2612085711
61.0989010946
19.999999996
61.9565217364
60.8001850126
62.1031745885
73.6772486599
10.5409442643
49.4757825694
56.7247460905
55.6471306429
28.85121329
52.632688435
42.5602175568
61.0449735374
30.1515269455
47.3443223408
55.4901781894
39.4078144049
65.5162488414
53.8720000584
63.219147999
54.3308591979
67.4947472478
53.7373737325
41.4549218879
18.9814814793
67.8282828251
53.3694083669
44.9299078865
72.4494641135
42.5272331143
54.884559882
63.267288262
54.177109435
72.3284313681
38.6144049171
53.589743586
72.413576755
59.057239046
47.5169482469
57.7799142947
12.4999999984
46.414455108
60.98901098
85.5158730035
43.0952380924
42.7011260329
57.9148629121
55.6471306429
21.6666666576
31.7460317417
34.4688644665
42.1855921794
69.6428571243
54.3518518405
72.9563491969
66.2135863262
24.609579618
58.7661965339
46.1463354329
42.3391565547
43.8888888804
45.3748447924
54.4425451071
56.3379063138
28.6811594191
83.0158730018
42.8807784245
66.5002740569
36.2670565283
29.7065046858
43.8888888804
99.9999999056
61.1862990751
37.0770421981
44.00858972
92.27716727
71.654626759
49.5204548247
28.3333333273
53.3694083669
77.5925925839
55.6471306429
49.5204548247
34.159544157
38.2516339846
43.1878306827
64.4266191288
50.3870881676
44.8412698296
58.0322933732
43.5762938621
46.8000624256
68.6644772828
60.8529253355
56.1111111004
90.8585858427
80.3599033783
58.6925152116
47.3148148049
78.8156288096
55.1444855604
57.6657329582
67.4924649682
54.9889970928
53.6543209856
27.4999999983
79.4444444282
61.0449735374
40.0018244832
19.8412698355
43.0214424908
56.0996710966
53.7373737325
53.7698412625
32.6855511624
74.6732026053
99.999999973
56.4195774692
31.8855218796
39.6688560468
99.9999999687
43.2461258529
58.9880952305
35.8103132348
37.6767676735
29.8656898636
34.7274797407
8.33333332917
12.4999999969
68.2555244301
49.3671497564
31.9372003574
44.2002441942
27.6357560555
54.1763453336
63.8888888669
64.2007797205
34.2314118613
38.7896825372
53.1818181771
28.5689714452
66.2205078828
65.5555555483
34.6520146496
35.277777774
39.8046398017
66.280193234
64.1269841074
15.6587383044
59.1153697237
23.3333333292
71.8324515148
65.4070112874
34.0094966736
78.1562881507
48.1863442364
68.9040024998
54.884559882
38.6144049155
50.0793650761
64.8809523637
63.8888888669
56.2474562454
54.5878957628
30.5182891838
23.781676412
52.376811592
73.7248258922
35.591944286
41.6639311365
35.5237154135
67.7238220686
33.6999550149
69.510582002
44.6190476181
51.630213423
70.6471306421
49.6138996125
50.0811965792
55.1069377071
66.3888888748
35.3174603093
36.4077507194
30.5555555486
36.3422124904
33.0728493877
59.4635429912
68.6872030995
31.5380405025
52.1626984093
72.6100594503
44.6634411315
87.9765795106
70.4516908183
62.3693379776
23.3333333253
56.5990138714
52.1449275341
54.1771094376
75.547008544
52.8921023325
79.444444415
67.5857958436
66.2698412654
51.8648018565
57.7652464466
51.1846405197
81.2197159525
53.306742638
70.8082576485
66.280193234
54.8446279066
63.3699633606
43.6904761849
32.7266922083
67.8912311506
66.2311477647
52.2824302117
73.8698257037
34.4444444327
57.9870129843
34.9999999926
36.1111111012
47.6436781593
34.3465713016
76.037851032
48.4132319585
27.2027290434
52.4725274686
60.7142856981
51.6084760628
53.5942028963
44.8840048808
49.5848074782
38.8383838366
60.8521303228
90.1769713233
63.3454106253
54.7471620197
43.5762938621
56.2121212071
58.9920948591
48.9549630026
54.374718847
38.611111107
43.758570093
38.0152329737
48.7375565601
56.8516688323
66.1850705158
56.0247607151
60.2022075281
11.1111111093
21.9999999991
75.7606837577
49.3775886552
45.3601953568
51.9883040909
16.6666666639
56.0880544552
45.3143399793
48.8034187968
59.2982456109
79.6428571326
11.1111111074
45.9126984097
51.8648018605
42.3148148103
56.8090175935
28.2407407377
69.0876152803
71.752092646
45.6046508539
60.5982905959
61.6189259845
36.3746337421
66.2086705506
76.072463765
65.5788655735
62.0940170916
52.4794745466
56.8471833162
46.9914529897
66.2698412654
48.9624182977
37.474747473
63.8675213659
47.150763241
47.4257539247
61.2301587261
68.3327534429
54.5301757051
48.7500758184
76.4346764288
24.6031745995
49.2413740286
68.6418611011
53.7787145633
49.0879080215
39.2049018181
44.8536953234
38.9230979741
48.3251633959
44.6491078281
73.6772486599
48.1901649522
46.8181818102
50.6481481426
54.8741048713
52.6851851796
57.9248365979
51.7153996049
62.1660360016
53.5209235184
75.0396825347
61.0449735374
34.0849673182
65.9551656853
41.4980368459
47.1428571286
56.535947706
43.7806637799
61.2809266741
62.8325123131
25.5050505008
34.898989893
59.8381593903
51.3167263906
69.0418353559
43.8888888804
6.66666666533
41.5873015748
55.1222651207
17.7777777746
21.6666666576
28.3333333273
43.8888888731
61.4197530842
27.9100529067
46.9287634394
51.3973680603
77.5925925762
72.016899977
72.1405228716
29.0909090884
58.8766788725
38.2672674069
70.6471306374
32.6815953644
68.9898989779
56.5151515054
43.5683760666
32.6120948509
44.9651797458
31.4487179463
58.6616885337
74.4273504244
99.9999999687
45.1515151437
51.5686274478
67.9922027221
65.5555555418
44.96336996
37.0995670978
16.6666999833
52.1859807179
10.1080006906
51.7821067773
58.1633199763
46.8926875576
58.265250538
44.8504273487
34.3409586037
63.6958821153
32.0510685896
51.5686274478
16.7952723139
59.6139486251
56.6085820855
24.6031745995
54.1453272032
37.560450079
99.9999999539
33.3333999333
99.9999999687
67.8893314344
20.181202993
50.7070707025
55.8437761042
28.6664373336
34.9999999926
56.5151515054
72.4872134667
63.3699633651
59.4379136787
77.3191147761
38.8888888602
30.6279490734
76.6666666516
78.1562881455
52.75213675
48.4126984068
19.8412698355
79.1919191768
21.6666666619
57.1734892758
65.7616980395
57.7652464466
24.9727668831
65.9786721635
82.7894327825
30.3057895977
37.6845376815
26.7510574446
94.7270955068
11.1111111037
48.3562509865
31.2307861195
35.2020201989
29.9145299123
56.6701843835
28.7644591063
37.6767676735
25.6043956026
61.1111110966
54.3518518459
16.6666666625
47.3737373695
52.4305438264
99.999999973
52.9292929246
32.2632010797
37.2883450735
73.8888888551
83.01587299
58.5757911326
22.0539006889
22.169736532
41.3095238042
63.5979358778
35.1204351149
54.9801587265
39.2915479553
79.191919184
51.5686274447
57.1734892758
31.8286957971
63.8888888509
31.8764568715
99.9999999056
77.5925925762
75.0396825347
31.1720254143
52.4767299479
13.3000009088
58.0495525278
32.0634920583
57.5844226546
25.3395580571
13.0952380919
64.6684233613
28.0800653578
21.6666666576
52.4305438264
63.8888888509
40.5423280373
41.0609369706
35.7784789121
76.4346764234
45.5742680357
44.2907334193
68.7118437017
46.4814814718
56.8751945191
57.7689322592
14.3511201404
53.5951702599
54.6382295578
39.2827881758
92.2771672635
59.954551619
84.0099296101
44.5125272281
60.0461267106
49.3671497544
58.4900284878
22.2222222148
40.5114906092
28.4358490337
51.1596322371
50.1153167801
17.4137950865
37.6845376815
19.9036475037
86.3293650736
55.4093567223
35.5429842621
43.39285714
50.9275362277
72.2222221981
37.2138145188
64.0155945386
52.1164021101
51.1648745487
60.7797270923
43.3333333152
47.2359058549
75.1169590604
40.8466241354
55.4520358843
42.0545495187
35.4033816411
46.5213536829
35.2599145633
11.1111111074
99.9999999389
57.5735294082
56.8512556575
32.7307692295
50.6481481426
38.8719058113
30.187908495
19.0476190422
37.2883450735
43.9826839786
57.6032059703
28.8693957086
57.5987297167
5.9710942513
27.7777777699
63.8602992803
72.9563492015
48.636173968
61.0449735307
55.0505050451
52.4460174446
42.7240563844
47.9734299497
71.752092646
31.7460317417
65.5555555418
30.5182891854
54.9203049189
64.6053948668
59.9720071235
53.5185185128
47.0016339813
60.6613728847
62.5465056854
21.4285714258
54.6382295578
16.6666999833
99.9999999389
65.5555555418
53.174603168
65.0299145248
58.3877995609
31.9817169643
55.8344820029
56.6544566504
6.73922954675
99.9999999628
38.3850762505
6.73922954675
61.369047615
54.7046552458
52.89682539
40.0993098351
41.9676642564
51.98570258
46.1324786307
32.1562804114
19.999999996
29.8758606193
54.8054777451
71.7520926422
29.68114984
49.0678847282
61.0449735307
43.3577533548
58.0280830237
31.944444441
35.0246415759
42.2286572275
48.2943469761
42.088779954
41.6576100639
49.3130058325
48.8732078837
57.7240143351
63.8888888509
63.2850241519
66.3173246482
46.3492063419
62.3724343504
61.3924963868
56.8783068713
50.8354218855
47.121212117
58.5185185062
49.6190954948
45.4077060918
34.4689542442
20.2160013813
31.8835412944
47.3737373695
52.4195624181
34.2424242361
61.3388576178
59.8484848431
71.5960003236
32.9736829717
44.6729390667
43.8180827862
31.1675493297
51.2349498994
45.1948051906
54.3430928376
47.9358805403
69.6938424454
42.7545967008
54.4444444312
32.5730994135
28.5851448364
71.7564102508
63.310119829
51.7921146937
35.2869352856
59.7120257037
45.0710666157
87.7777777631
50.6481481426
50.2262544771
41.0101010065
93.8725490141
24.0740740716
34.8446197562
11.1111111093
47.6362164722
38.4196445403
49.8064306847
52.252302433
68.2511742759
72.7540360819
81.0470085438
44.3176538898
99.9999999851
32.7971014466
62.0875420758
38.4183449367
45.7056030355
41.4525691682
43.0214424908
66.4690141678
53.861460608
64.1269841165
49.0975935814
64.4708994673
76.981351975
69.8257080569
70.0571895345
74.6231884027
55.8946662598
91.5410627945
45.1956521721
73.9886039858
83.0158730018
83.8109161749
74.735449726
45.1465201431
2.6111111104e-14
35.9298631465
67.7294685962
58.7681688236
59.2503511825
53.4567901214
35.9126984078
47.9772079754
72.2096743803
99.9999999389
58.4695099429
19.6948124467
44.9831649788
53.1101455718
61.4910692882
28.0074860579
78.5380116918
73.5064786108
68.3150183098
42.0609192693
52.273745518
36.4201098743
39.5858762527
60.5921855876
48.9898989851
57.9493349826
56.2279075479
61.6569420889
99.9999999851
65.5555555418
66.1086956494
20.2991046726
69.6428571243
21.1111111085
43.8623188388
48.7379454543
60.702671311
84.157509151
49.9999999806
66.4230019425
59.4319131132
59.1130604228
60.4736440013
55.1759834344
67.4316239289
57.9829059806
30.2126314831
47.6902726885
83.01587299
42.7362256951
42.5824175792
24.9639297494
55.06526653
63.6616469926
39.4444444402
48.872468526
84.6921374908
49.4444444351
33.9393939362
37.6053639834
36.2972085374
34.9099617223
16.6666666639
50.3968253835
68.6091685982
47.1428571353
58.8888888672
54.4444444204
51.7094017057
35.9272875806
68.9873879474
47.3737373695
34.4398578108
13.3333333307
38.3574879211
46.3326037095
55.9314489169
45.5593542243
36.2561576342
44.3274853758
11.2716866516
32.3099415189
61.186299078
37.7485380097
54.3862538404
88.7962962775
81.9132369272
47.2957607202
66.2698412613
61.851851845
91.5410627945
72.4135767581
25.2779977078
56.4718614692
52.6936026884
14.7798243547
16.8055555534
55.9990811928
60.2458407587
62.8787878731
36.9399641554
26.0406138596
51.0457516309
11.2200435717
68.3483483446
56.1779448594
50.5633729402
56.2608695629
37.6845376815
19.9343584297
27.2144522122
38.8982997644
33.6575531099
59.3864734275
54.4444444204
36.6248812902
64.1023535829
62.4387464364
56.1199574927
61.0429768835
87.2058823424
45.1261701229
57.7053140073
34.820230491
51.2366653629
56.377217552
41.2794612718
25.7999374856
50.1592006984
53.3969683955
74.0331890297
92.1296296194
79.7649572587
55.2519118294
27.5954415944
45.1867951503
55.1594202876
52.0684789051
60.2201318737
26.5836794076
51.043064803
71.6558116766
73.4458556128
47.4728365804
54.5925925905
35.7236965917
53.1502767116
55.4743589722
79.444444415
68.3150183098
43.0743525459
45.541431616
74.735449726
73.3442802383
52.5458613709
60.9919795952
65.6713394346
83.8493631901
48.5281385259
73.4476676979
64.6213689663
49.8148148095
35.8891212225
44.338496439
51.1409242031
38.4223902265
70.8582756024
53.7524366444
99.9999999808
27.2222222209
60.5439919534
92.8327228199
68.7237730293
62.6869726852
58.1452991408
36.4012578778
26.3133903124
60.4159239436
86.6875274446
58.8766788725
45.3022875762
57.0393374715
59.9255316151
99.9999999389
27.0488167884
52.2608695631
36.2570698765
64.3927015177
64.9653922104
41.2259514873
63.9297385584
44.3760345924
72.1548821477
32.4007936467
64.1268203152
38.5477691237
67.8070175369
60.0696405017
69.5105819942
31.7155067132
13.0341880322
99.9999999056
32.5553673365
28.3333333273
37.0080892487
44.2441678759
11.1111111074
61.8139935209
48.3164983118
16.7952723139
37.7462330942
50.0100674496
42.3839685279
66.0317460206
37.5730994134
50.3052502978
57.7731092421
58.9920948567
19.8412698383
63.2780005904
27.6388888854
41.6402232181
99.999999973
3.33333333667e-05
6.66666666533
45.307685727
63.3699633606
42.1645021625
40.2760819413
41.1695906412
61.471861469
24.7619047608
29.6464646413
48.880748879
37.560450079
61.804087384
79.1919191768
25.721247562
24.6256038637
32.0818070794
41.0101010031
49.934946208
75.1984126783
70.3676470544
23.2503419453
69.1245791177
55.490196075
48.21661998
69.4736842069
49.4906647188
33.7880390503
53.5185185128
14.8510153294
51.816833517
82.7894327825
52.4506387908
49.4699808855
30.0925925892
69.0341880314
47.5814536317
45.5380417046
24.7777777768
29.7738342825
29.8987056417
51.7973856179
29.356238208
70.1489819693
57.8903654472
39.6230379421
52.6983408738
33.8440860204
40.1230177535
38.3574879196
63.5427050912
16.6666999917
53.0910609832
49.5110771567
59.199589831
45.253374692
46.6374820715
37.2405372351
62.0967741916
52.0673969099
60.4413702214
42.7379071632
47.6461809778
62.6065162876
57.3586744581
36.2247237848
52.9973649516
34.2300194897
42.5730994131
53.2592592572
12.1933621928
15.7894736834
34.1359935769
46.9336219314
48.4823320932
53.5209235184
60.2458407587
39.5748792254
53.3204633176
28.5851448364
79.191919184
59.8708451997
72.5638594022
32.6470588215
48.3325430668
37.2087269446
90.3102453018
73.5452007426
49.3464052257
28.5521885469
57.0240711246
42.1615180733
47.1947738232
57.1052136244
42.4679194779
62.5465056854
44.7510655888
49.4846125308
34.9206349154
72.7065527038
46.4476892541
36.706349204
39.5144352407
51.8533513257
43.237578359
58.5544889866
40.4390680991
54.1704676743
54.085325595
51.7153996075
66.1341744651
93.6363636278
58.9920948591
54.8178842869
67.7294685962
69.5945340479
59.0253411275
72.4494641135
30.3571428532
51.3057929706
45.822192512
34.9814510722
70.3676470503
54.6633825925
51.5480895894
56.4323671452
62.388695314
66.4113810149
31.9230612568
44.0747524065
30.7212475618
47.556065513
75.7486956845
99.9999999788
86.3293650682
52.7408987921
27.8787878737
49.0476190395
60.563607084
64.3332186606
50.0329380722
53.2273725071
58.1965811943
47.6254609579
52.7909488408
59.2426908699
55.6604634152
54.5690427255
48.7144287131
43.768568032
60.6490140932
42.6686797837
54.6653113939
42.5052410893
56.3620114701
58.7656810017
63.3658288295
49.5556773427
49.1400647216
44.8504273487
47.1854042715
46.353317542
82.7894327825
36.9703003909
55.0458447082
56.2665815757
49.378681744
68.6091686035
48.1637099271
40.7148407115
32.1031746011
41.0101010065
55.6873244956
37.9797979765
43.2928621929
48.1637099271
55.8746438725
79.6428571326
25.1037851004
41.4190747509
38.3449238702
34.3434866492
65.0299145273
52.7235110549
33.7985769009
48.0728195975
43.6131177593
73.211233206
66.3584637251
76.7592592508
39.733452308
56.7907988946
67.828282822
58.0808080699
58.5413105391
54.5125164644
50.7901234549
40.559698685
26.9686678603
41.7968504906
58.5597981851
51.3904495886
45.6393223947
47.0851370808
43.453159039
20.9737710049
52.8257160963
5.19200521814
42.4727668833
57.7699448064
31.110057425
52.7971240261
38.7745098015
39.6466885469
31.9872504075
8.77696120472
40.6241502891
44.0316400911
42.5602175568
42.7240563844
44.507389161
46.9258099576
23.9789196301
20.588235293
37.2183372154
71.8316648104
22.7272727253
56.6396034767
56.2949396262
53.174603168
25.2415458927
79.1919191768
37.5210925201
45.831052726
68.1454248324
58.192875418
43.6794299575
57.6462099975
69.6588693921
71.1951447225
44.3708601596
62.596690027
67.7303958581
78.1562881507
55.2988936719
49.1801398895
25.7909982167
58.856805131
53.5209235184
38.5987958389
37.8608522125
36.1384783786
52.4154589348
52.4794745466
42.3814557526
54.3850858247
47.7996715911
63.4798534754
60.0696405017
49.5386473409
99.9999999628
49.4368670602
38.6868686851
30.5062944708
24.8975161388
32.2633948016
56.8250366876
45.0293765591
62.7870473345
28.5521885495
74.4172494111
52.3541058413
58.1857728509
39.3637992807
40.6324786309
72.9563492015
53.1818181771
40.3513071871
59.2279591245
39.9398395698
37.1776303584
54.5802308275
53.1130104443
62.5840125823
50.7742247535
47.4711576351
46.6246314051
75.8162393132
46.0567210494
37.0571131935
46.891534386
35.6678106668
42.8488443936
61.8302591102
56.6274131743
50.5420054176
46.414455106
82.3232323164
38.4457570065
57.6851851789
40.0636802793
60.6031392886
72.0520421576
64.6080368879
30.1587301542
67.3975044524
47.5274725205
99.9999999056
55.9608178542
59.1468253929
32.3801742901
66.1227946545
56.1720142586
58.5749074393
36.7875281211
43.5041852975
40.625001744
68.6507936462
50.3822811057
43.1940371443
64.7222222152
11.1111111037
32.9535877875
42.7777777732
42.7777777732
29.7420634902
73.5013175168
67.2327092778
57.1092117737
75.8513708478
57.6851851789
99.9999999788
75.1984126877
75.2608645756
49.5189100011
46.8181818102
32.2874771003
62.3232323177
70.6631532688
53.8282355872
57.9779779764
75.5357488192
53.371943369
46.7296113832
56.7404584605
60.4116500368
73.8628521204
34.1037421666
59.5637127634
45.7015533473
58.2464042975
63.5023163959
22.2222222185
66.0130718879
76.9358974299
54.9830917852
69.7345374908
27.0209838292
51.7269468866
51.3088128875
46.8475129545
85.7359923962
61.738884621
31.9872504075
93.0158730097
67.7378226975
76.2113617339
87.8676470488
87.0209176766
50.0329380743
52.5898078504
72.7684108918
36.1111111012
56.6544566467
67.268679828
63.3699633606
54.7717788203
54.3518518459
39.0641889908
57.9264979249
70.7395654746
52.12671831
73.1855500796
38.747984041
50.8414055061
51.4676592543
52.8921023342
48.3164983118
68.9880265553
43.8888888804
55.5068226064
38.1859903366
51.5480895894
32.4756335266
99.9999999763
6.66666666533
59.2857142818
50.3868168178
44.3566095721
59.0572390514
46.7643467611
64.7486772407
41.1149762521
76.8315018256
51.9336219312
43.759018757
25.9441707709
58.158383437
29.3434343428
66.0317460112
32.5396825376
37.0046620017
43.3841520779
67.2058698357
59.7628384664
37.0385304648
59.7962268069
75.7486956845
73.3502415428
29.6608828754
41.4795798498
45.0553327378
40.4748338051
45.6796223062
52.9239766056
37.3015872991
39.1503959894
52.4411603704
46.0654337479
52.3646711205
53.1236275756
48.5031769276
43.1935450705
60.0020349998
42.3202614331
47.3737373656
47.1947738232
67.4417562702
72.3133586855
59.2041740921
56.5512265486
37.2992425614
59.8856209116
70.4949745906
87.8876678755
39.8046397988
52.5336606889
79.4862974385
61.1317795512
40.9666113065
51.1236500326
64.463216639
57.956030307
71.4659196991
34.679719065
59.5343137218
51.7173083898
44.0645586288
37.8830319996
59.8372615028
36.8253968195
60.1171023897
46.2920659767
27.4074074046
60.5921855833
43.4224110785
54.4431839654
58.6904761866
51.2096332751
57.6728826681
76.037851032
54.4995722255
70.106209146
51.5270771095
50.4084967263
66.6666999167
36.8742368717
44.7496947463
57.2066821976
38.2491582455
37.3109981789
81.5170336873
68.6872030995
60.4090354045
83.0158730018
73.6772486599
99.9999999851
58.5597981851
50.2948717909
40.674603169
37.0064531792
39.9999999931
8.33333332917
40.5423280373
47.001633984
42.1296296248
47.0016339813
44.4838304064
71.824770935
25.595238092
30.3174603155
15.0793650771
36.4297385577
81.1111110977
58.699035168
46.584541059
65.2636445884
82.7894327825
99.9999999687
41.5873015807
64.6040777585
53.4848484801
19.7970416216
44.7208390938
60.8119658096
38.8888888731
52.4279044931
53.5994784532
27.1409834678
53.6431167996
55.1960385273
64.7946859875
52.1594622682
40.6324786309
47.5274725205
56.4821763588
50.454048285
46.7560386454
34.947405055
34.8288105315
47.5814536317
45.9161246432
48.0134680088
31.8855218796
62.8787878679
38.8383838366
62.7736006652
60.0732311227
65.2229031148
50.7273486734
62.3307746612
38.0460956292
58.4249084163
54.4444444312
61.9689542448
60.117102393
44.3274853779
66.0573122501
52.376811592
76.4268940748
13.3688229022
52.6178573338
32.7696078392
43.3177715518
47.1428571286
27.7777777699
22.5396825382
28.0454403976
54.4444444312
11.1111111093
44.693149986
48.0990947097
34.0607787262
34.4915972857
53.2679738529
29.31235431
52.4710424696
42.7998821288
28.3333333273
38.9898989881
69.7167755951
60.495891249
79.0842245047
53.2679738529
67.3295985023
56.5641895894
99.9999999808
46.5962142419
34.4826569759
67.5743477444
37.3229504799
38.179487178
43.3091141532
59.302134643
47.7485380093
59.6793378497
37.424242421
54.1763453336
50.1592007005
29.5941043078
63.4165181205
59.057239046
45.2512077276
50.7070707025
50.8414055061
53.6549707574
43.759018757
56.2332887684
45.6581196547
3.70370370329
11.1769982107
49.1761013812
46.8000624256
73.3750548936
16.6666999833
68.9273504246
34.7415885527
28.5353535329
35.9126984078
66.2970430086
46.698689699
26.4842047915
37.2405372378
33.7297585694
35.2564102537
73.195541111
55.6851712256
36.706349204
47.7818477784
42.4679194764
37.8205128176
88.8659557341
40.7401748566
35.7784789121
4.76190476122
36.843711841
34.2300194914
40.3762260275
33.1252485358
45.4947209644
51.734738689
56.743522177
58.9642857131
42.6558390922
13.25153756
76.4346764234
65.072206803
40.2488202477
62.1086956496
47.7996715911
60.6436314348
62.9110892252
44.9831649747
48.2936507905
53.7242614938
38.0106209139
52.1449275341
38.9105339087
48.1407094176
57.5735294048
56.0729847462
37.5704320104
53.7101449253
43.4926184891
45.6616893563
27.7202168738
12.1323848902
44.7208390938
28.1416650957
45.1835372607
50.8103752339
48.0284900267
47.0698252723
18.9814814793
11.1111111074
67.7959721407
44.0809984342
51.0022550601
52.2401433675
16.4901685027
47.7203065102
52.3683482522
14.5468183646
47.2390269515
63.3454106253
93.0158730097
56.826359638
56.3658230536
43.1481481435
31.7460317417
46.1809795126
61.7039964839
38.0460956272
39.6214896185
99.9999999539
21.7095450059
62.9406850428
50.5575843615
