6.023698523200000210e+01
2.272727272339999871e+01
6.023698522739999817e+01
4.115124977050000155e+01
6.111111106569999627e-14
5.759816206899999713e+01
3.736726874410000221e+01
4.931300583249999647e+01
5.503607503349999774e+01
3.868882737189999688e+01
4.874786324410000304e+01
6.322936876650000215e+01
2.525634773530000032e+01
5.965367964819999713e+01
6.580687829869999916e+01
1.687401695859999862e+01
5.859556357830000195e+01
5.911306042580000053e+01
2.486383442119999998e+01
5.726120857400000119e+01
7.462406014670000332e+01
3.464646464350000343e+01
5.867250033700000245e+01
5.768518517310000249e+01
4.446000622220000054e+01
1.333333332800000015e+01
6.758726885929999639e+01
5.887667887250000121e+01
4.922385620610000245e+01
5.835339983629999949e+01
9.062049061640000502e+01
4.700163398400000148e+01
9.999999996280000403e+01
5.214492753409999892e+01
2.124262016280000154e+01
3.519199265950000211e+01
5.092753622979999761e+01
7.752551312079999946e+01
3.020757020550000149e+01
4.333333332379999803e+01
6.023698523200000210e+01
5.365497075479999722e+01
7.314723590330000036e+01
5.935368566639999699e+01
6.472222221520000573e+01
3.492063491039999690e+01
7.441724941110000202e+01
5.213779956119999781e+01
4.722376941880000345e+01
3.499999999260000294e+01
2.792863278420000128e+01
6.195990345429999735e+01
9.999999995390000151e+01
6.460803688789999910e+01
5.306161356989999689e+01
7.472328649969999503e+01
9.999999993890000383e+01
5.197478991450000052e+01
4.146655813169999760e+01
9.999999997630000337e+01
8.016694033660000684e+01
4.195286194879999897e+01
7.879468598709999583e+01
9.999999993890000383e+01
7.883116827540000315e+01
7.101010100669999758e+01
7.467320260969999879e+01
6.642300194579999584e+01
2.638888888589999837e+01
6.748093607929999571e+00
5.873737373219999824e+01
4.302641802290000328e+01
2.074074073859999956e+01
3.289788596070000182e+01
6.196895424480000258e+01
5.638651471779999724e+01
3.756474519449999860e+01
2.410753174470000104e+01
3.948412697940000271e+01
6.628686053879999918e+01
5.942000464379999869e+01
9.999999993890000383e+01
9.473534191349999745e+00
1.111111110859999940e+01
4.919701213679999796e+01
4.784998183100000091e+01
4.023692810229999850e+01
5.518518517350000252e+01
4.218559218240000064e+01
5.768518517889999941e+01
6.487734487429999319e+01
5.139860139440000353e+01
3.614938519140000039e+01
3.579584666379999902e+01
6.474867724070000463e+01
3.867576838080000101e+01
3.490996172229999672e+01
5.651515151009999727e+01
5.011531678010000235e+01
7.367724866810000606e+01
2.557775344950000118e+01
7.483646953160000237e+01
5.611111109099999794e+01
8.765606373900000392e+01
4.933583959420000298e+01
4.345002823069999920e+01
3.446275946019999736e+01
3.255892255279999858e+01
6.492307692049999446e+01
8.278943277620000174e+01
4.269607842879999993e+01
4.821414432859999977e+01
4.942270531199999795e+01
5.932539680979999730e+01
4.561923583469999954e+01
4.896241829769999754e+01
4.140247085290000228e+01
8.993265991539999504e+01
6.603174602059999643e+01
4.059432095230000215e+01
6.835317459440000221e+01
3.430624415340000155e+01
3.643617740170000019e+01
3.814678917410000025e+01
5.425647451700000090e+01
1.111111110370000077e+01
2.972896668419999955e+01
9.410403049030000489e+01
6.814542482839999593e+01
3.186868686589999911e+01
4.542944252379999881e+01
4.454212453899999957e+01
3.579481994089999830e+01
3.690821255889999719e+01
6.193589743340000098e+01
4.694368938449999717e+01
5.025503430039999841e+01
3.333339993330000084e+01
6.931112365280000631e+01
7.190904139010000051e+01
2.142857142580000129e+01
6.357843136860000044e+01
6.284118126060000264e+01
6.410130718179999576e+01
4.454212453899999957e+01
3.865079364830000230e+01
6.431966725889999736e+01
4.247342994990000165e+01
5.345679012139999742e+01
5.208599403819999907e+01
5.731209149970000283e+01
4.258247504269999695e+01
5.651515151009999727e+01
6.290764790179999721e+01
3.238017429010000114e+01
3.448412697970000096e+01
6.187908495979999657e+01
5.624745624540000222e+01
7.098901098400000365e+01
5.004873294090000257e+01
6.444444442089999825e+01
7.043650792740000099e+01
4.634857895519999715e+01
3.520202019890000145e+01
9.999999998549999702e+01
6.457115009410000539e+01
5.202886709940000287e+01
6.272425955890000182e+01
5.650174121109999703e+01
3.737484737220000142e+01
4.642924203569999975e+01
4.994553376620000051e+01
9.999999995390000151e+01
5.853479853070000161e+01
9.999999995390000151e+01
5.259752862919999927e+01
4.231481481029999969e+01
8.945419102840000392e+01
9.999999997880000535e+01
3.586400827429999794e+01
4.681818181020000225e+01
7.073924730960000318e+01
7.085858585200000448e+01
6.589384516709999673e+01
4.001831501529999713e+01
5.255348515979999746e+01
4.883449883050000295e+01
6.620867055349999930e+01
5.597340930459999697e+01
3.342229895309999677e+01
4.918013988690000104e+01
9.097008365869999835e+00
7.595315903270000035e+01
4.961560487500000249e+01
5.112365003259999696e+01
6.505473453529999972e+01
4.908702407919999899e+01
3.277777777419999694e+01
6.800102061849999302e+01
2.272727272530000064e+01
5.883512544429999735e+01
4.866507819840000337e+01
3.641174573170000173e+01
4.206636435170000254e+01
3.611111110360000254e+01
5.829004328730000140e+01
4.832516339589999887e+01
3.598784542859999647e+01
6.130911847520000180e+01
6.060386473180000166e+01
4.127946127549999744e+01
5.028546332679999864e+01
5.205128204759999733e+01
5.163059162820000125e+01
6.624098123779999980e+01
5.647186146920000027e+01
6.565656564520000416e+01
4.720977279670000115e+01
4.714285712859999933e+01
5.803376905980000089e+01
7.428921568170000000e+01
4.514652013989999801e+01
4.490268335689999901e+01
2.885521884979999996e+01
4.356837606660000262e+01
2.407407407159999835e+01
4.290391856050000285e+01
3.843315046920000100e+01
4.339285713999999672e+01
6.604395603929999936e+01
4.648148147180000223e+01
4.838533114220000186e+01
6.486056213770000056e+01
4.553804170600000134e+01
1.974190729880000106e+01
5.757352940820000242e+01
5.990902051590000355e+01
3.157611271040000034e+01
6.618357487640000159e+01
4.567136795990000309e+01
6.321914799900000048e+01
4.517600086649999724e+01
6.614501348410000503e+01
3.608187134319999956e+01
4.101869830790000293e+01
6.537014091679999694e+00
4.224386724189999853e+01
5.983040964220000291e+01
6.070318569810000042e+01
6.037185371550000212e+01
9.999999990560000640e+01
4.475294100360000016e+01
6.738537228250000055e+01
5.422113289440000017e+01
4.648148147180000223e+01
8.925925925030000485e+01
5.349053870489999696e+01
3.872620567890000132e+01
4.583105272600000291e+01
3.944444443620000129e+01
7.519841268769999942e+01
6.374999999580000321e+01
4.777777775639999902e+01
4.155488744899999887e+01
5.178859630539999870e+01
4.684113343660000339e+01
5.103199174129999705e+01
3.839992557139999718e+01
4.879036671970000327e+01
3.703886692700000083e+01
3.781068524879999870e+01
3.841834493839999709e+01
8.333333329169999359e+00
3.672595520269999980e+01
7.353123769069999582e+01
1.527777777600000064e+01
7.759259258390000014e+01
3.448412698189999759e+01
6.618507051580000677e+01
2.852186580580000097e+01
3.464273990499999911e+01
2.385865117799999879e+01
6.000203499980000288e+01
3.231364198899999707e+01
5.702136751909999646e+01
4.401366607119999941e+01
6.061804838239999782e+01
5.380952380069999919e+01
3.465423465149999771e+01
3.653322439880000161e+01
6.321014492239999782e+01
5.338206627139999938e+01
4.875180374949999873e+01
4.514631610080000002e+01
6.157568718390000129e+01
6.242020725710000306e+01
3.601077093420000352e+01
4.557390207299999929e+01
5.920272724029999978e+01
6.413632290450000539e+01
4.735897435710000281e+01
6.412682031190000487e+01
2.936507936079999936e+01
4.565656564790000260e+01
6.410130718560000673e+01
5.216131907150000302e+01
2.560695953549999970e+01
5.015677174980000075e+01
4.714285713529999811e+01
5.444444442040000354e+01
2.399727211949999983e+01
5.485347984940000288e+01
4.648148147180000223e+01
8.879629627750000509e+01
3.078419766729999907e+01
8.055555553519999989e+01
9.999999997300000132e+01
9.805521137510000429e+00
4.714285713529999811e+01
2.320267561800000067e+01
2.377295455220000164e+01
6.964285712429999364e+01
5.485347984940000288e+01
5.190476189660000017e+01
6.964285712429999364e+01
6.511784511140000120e+01
3.851307189079999915e+01
6.254650568539999966e+01
3.485958485700000153e+01
5.767288266810000152e+01
6.091880341640000296e+01
7.592592591759999721e+01
5.295966228759999694e+01
6.336996336060000345e+01
8.627051960069999836e+01
6.614806200779999301e+01
2.314814814289999845e+01
6.229705215290000098e+01
3.929154795529999689e+01
6.624455337300000224e+01
4.051813957350000095e+01
6.531906432200000268e+01
4.861171689100000037e+01
9.331349205729999596e+01
6.524664480520000609e+01
7.441724941110000202e+01
3.527777777400000048e+01
5.425403225630000037e+01
5.818577285090000117e+01
1.486229819449999923e+01
5.906464756830000340e+01
6.990024079420000191e+01
6.136904761120000273e+01
7.698135196910000388e+01
2.711500974519999829e+01
4.546496961110000257e+01
6.091880341640000296e+01
9.999999995390000151e+01
6.271929823920000047e+01
5.449957222550000324e+01
5.524185958719999689e+01
4.914529914180000247e+01
3.547477590070000275e+01
8.499999998289999326e+01
5.103833364470000333e+01
4.428104574660000026e+01
3.642973855990000231e+01
5.887667887250000121e+01
7.851851851080000699e+01
6.618993352069999503e+01
3.938962489339999706e+01
8.333333331249999532e+00
6.597222221369999318e+01
1.446886446779999957e+01
4.900793650130000145e+01
2.460317459599999879e+01
5.485398338049999722e+01
2.528928228219999852e+01
4.285108870149999660e+01
6.388888885090000258e+01
7.205204215759999897e+01
2.136491484980000166e+01
4.416040100029999849e+01
6.049589124900000314e+01
3.578042327610000228e+01
3.677486989669999673e+01
9.999999995390000151e+01
3.333333336670000238e-05
6.825268955399999982e+01
5.572390571329999887e+01
6.049261083540000072e+01
5.657665505090000124e+01
8.111111109770000382e+01
6.166666666260000085e+01
5.620263120109999733e+01
5.070707070249999759e+01
3.768737517870000175e+01
5.744639375629999734e+01
1.904761904220000091e+01
4.887533875220000112e+01
3.801405876590000332e+01
5.176563202749999704e+01
5.212975341490000147e+01
5.767288266370000116e+01
2.909090908590000168e+01
6.734448734260000435e+01
6.041165003679999757e+01
1.249999999839999987e+01
6.257883269919999947e+01
2.559523809199999889e+01
6.553724053230000379e+01
5.631257630860000063e+01
4.662768030950000053e+01
4.481962481749999938e+01
7.079365078189999849e+01
2.931235430999999991e+01
6.618357487640000159e+01
5.690129432319999836e+01
1.666666666249999906e+01
1.666666666460000101e+01
7.663398692330000017e+01
4.588374088119999783e+01
3.959706959430000239e+01
4.950807217290000040e+01
5.254063159919999748e+01
7.643467642880000312e+01
5.564713063890000200e+01
3.878968253720000092e+01
9.523809521089999564e+00
5.444444443119999733e+01
2.077350427269999855e+01
3.724053723779999814e+01
5.406589153910000078e+01
7.282828281439999785e+01
1.684210526229999871e+01
6.831501830979999568e+01
3.724053723779999814e+01
3.682539681419999766e+01
3.368036103240000045e+01
2.696866786029999830e+01
9.999999996280000403e+01
4.735449734360000207e+01
3.944444443620000129e+01
4.950807217290000040e+01
3.391353046489999912e+01
7.321123320600000284e+01
5.971094253040000410e+00
3.443985781260000323e+01
3.642528100949999725e+01
3.489898989590000156e+01
5.178210677970000120e+01
1.984126983550000034e+01
7.944444441500000664e+01
4.904761903949999891e+01
3.174603174170000131e+01
4.092851592520000281e+01
9.523809522449999676e+00
5.285897435689999924e+01
6.157585079790000293e+01
4.222574157790000271e+01
5.317460316209999860e+01
7.043650793179999425e+01
4.664009661459999734e+01
3.555555554920000105e+01
6.097435897190000276e+01
4.284145805520000039e+01
4.556449873569999909e+01
3.455074028060000302e+01
3.767676767030000207e+01
6.412309973829999876e+01
5.349206348900000307e+01
5.945697282769999958e+01
5.169427771010000328e+01
3.709925340200000221e+01
3.376128228969999867e+01
5.039682538350000129e+01
1.726190475969999838e+01
5.837606837199999887e+01
4.647875816709999697e+01
5.982336182110000067e+01
4.072871572679999730e+01
5.822378193530000345e+01
6.570207569740000508e+01
4.793164845180000100e+01
5.214492753409999892e+01
6.555555554180000399e+01
2.111111110850000117e+01
3.174603173770000097e+01
4.725991842629999695e+01
3.015873015420000058e+01
3.255892255279999858e+01
4.416040100029999849e+01
6.257664165770000153e+01
6.198717948470000039e+01
3.599415204489999809e+01
4.449456975550000237e+01
4.073713663409999697e+01
7.519841268769999942e+01
5.696718739939999665e+01
1.666666666249999906e+01
2.611928104260000083e+01
6.412698410740000554e+01
1.111111110739999930e+01
7.473544972599999880e+01
8.566276802669999313e+01
3.735120115470000002e+01
6.039884026389999860e+01
3.773182957209999699e+01
3.373557358299999720e+01
2.815702585580000061e+01
5.844254510700000083e+01
3.586027343429999803e+01
4.428104574660000026e+01
3.227267515020000133e+01
4.388888888040000325e+01
4.799603174290000140e+01
5.611111110040000227e+01
4.027542505619999957e+01
5.299277605489999843e+01
4.689153438080000313e+01
4.432748537580000203e+01
4.712188968899999963e+01
8.003663002560000450e+01
6.555555554180000399e+01
9.999999997630000337e+01
1.249999999689999974e+01
4.692642258610000283e+01
5.899112088439999724e+01
7.944444441500000664e+01
4.007936507400000181e+01
5.950216449940000274e+01
1.990364750370000024e+01
3.720937072819999969e+01
3.255892255570000060e+01
7.395104893929999434e+01
2.828282827809999844e+01
9.523809522449999676e+00
7.569024244370000076e+01
6.165694208890000283e+01
7.222222219809999899e+01
2.207516339740000078e+01
6.262626262060000215e+01
4.310916178899999807e+01
6.059218558330000093e+01
4.089698866340000194e+01
6.139631610039999998e+01
8.093954247380000311e+01
5.089551784769999898e+01
7.326510720859999992e+01
3.083822880479999995e+01
5.888888886720000215e+01
3.196428571219999881e+01
5.013957306889999899e+01
6.012671994549999965e+01
5.368472670740000297e+01
5.587464387250000186e+01
9.999999996869999563e+01
5.554027671509999919e+01
4.914529914180000247e+01
2.597866653759999878e+01
5.858879391989999874e+01
5.791585206730000124e+01
4.963045358880000180e+01
5.720668220200000320e+01
6.041165003679999757e+01
5.903331903170000317e+01
5.561274509460000104e+01
4.795840174989999838e+01
4.054999381900000088e+01
5.191757288600000209e+01
1.948365165610000105e+01
5.769218798469999854e+01
3.531746031330000335e+01
3.823232322890000034e+01
2.544834307860000067e+01
2.703703703429999905e+01
5.887667887250000121e+01
5.442890442440000243e+01
4.534457477870000019e+01
3.400054466040000278e+01
4.681286549459999691e+01
5.659901387139999684e+01
2.911042676510000149e+01
6.185185184499999878e+01
7.653162054690000105e+01
5.354335768909999871e+01
7.014898196929999585e+01
5.319917440369999895e+01
9.999999998709999716e+01
6.570207569309999940e+01
2.460317459599999879e+01
3.646391164580000321e+01
7.201690820960000394e+01
3.722499207530000120e+01
7.710333144770000047e+01
5.593149540240000306e+01
6.634532196050000152e+01
3.860722066390000151e+01
1.910371756460000014e+01
6.229760843540000081e+01
5.015151514709999958e+01
5.927053139849999752e+01
4.221373532559999830e+01
3.978708976669999942e+01
5.651515151009999727e+01
3.558663558100000301e+01
1.236869523840000085e+01
6.383986927710000003e+01
3.956529741709999826e+01
5.451251646669999928e+01
5.600985221479999865e+01
3.179787030549999827e+01
4.741930046080000238e+01
6.609522589040000184e+01
5.886583223040000235e+01
5.321789321539999662e+01
6.230769230519999979e+01
4.477941176200000228e+01
4.737373736949999881e+01
4.199160724770000286e+01
4.737373736949999881e+01
7.265873015389999523e+01
5.768518517889999941e+01
3.769178366239999889e+01
3.527777777400000048e+01
5.093826402210000026e+01
5.970232619939999807e+01
1.666666666249999906e+01
7.163947163349999414e+01
7.675925925079999956e+01
4.274018378870000134e+01
5.263268843499999861e+01
4.944444442679999696e+01
2.867286962680000073e+01
5.017701524760000353e+01
3.861952861580000018e+01
3.757575757219999701e+01
7.202020200769999292e+01
1.666666665829999872e+01
8.116161614749999842e+01
3.157611271040000034e+01
3.782865418779999800e+01
3.452380951930000208e+01
2.559523809199999889e+01
6.617253542310000114e+01
5.654761903240000009e+01
4.781588413939999782e+01
4.758145363170000053e+01
3.513675213540000186e+01
3.611111110120000234e+01
7.388888885510000648e+01
5.300653594450000128e+01
6.595380288830000381e+01
2.481400443900000141e+01
5.953431372179999670e+01
6.393637226730000123e+01
4.388888888040000325e+01
5.152707710949999864e+01
2.145195928029999877e+01
4.073529411519999854e+01
5.875420874310000130e+01
5.856260041830000063e+01
7.146464645819999362e+01
7.731911477209999362e+01
6.108486300519999901e+01
3.804102838939999742e+01
6.860805860320000704e+01
5.650985662899999795e+01
6.347167324889999662e+01
5.211640211009999746e+01
5.463877909069999816e+01
5.757352940820000242e+01
5.345109793969999856e+01
6.132817799259999703e+01
6.107142856739999814e+01
4.737373736949999881e+01
5.979575163030000340e+01
5.651515151009999727e+01
6.392973855479999656e+01
3.591269840780000067e+01
4.495910969479999864e+01
8.449494948020000606e+01
3.861952861580000018e+01
1.481481481319999993e+01
5.331054130649999934e+01
9.999999997630000337e+01
3.847837985510000181e+01
1.333333333070000037e+01
6.157585079790000293e+01
1.675109860990000143e+01
5.507848226240000145e+01
6.885598141529999339e+01
4.057734204559999824e+01
3.447485772200000298e+01
2.795383966809999876e+01
1.896632992740000034e+01
3.681372548790000110e+01
5.699145147160000136e+01
5.687830687129999774e+01
6.972222221449999324e+01
6.603174602059999643e+01
6.444444442089999825e+01
7.367724865990000183e+01
6.603174601119999920e+01
7.843915342930000634e+01
6.374999999580000321e+01
9.220132952769999690e+01
3.035714285319999917e+01
4.613840265809999863e+01
7.742063491550000265e+01
6.978744939089999377e+01
1.666666665829999872e+01
5.515873014409999797e+01
1.772727272570000068e+01
7.798089591229999940e+01
4.555935422259999967e+01
6.505413105159999532e+01
3.687423686919999710e+01
4.517904764410000240e+01
5.134680134180000266e+01
4.067460316900000095e+01
6.416122003629999426e+01
4.742575392469999684e+01
3.573593073260000352e+01
7.441724940529999799e+01
2.720272904209999965e+01
5.424054197710000125e+01
5.136752136049999962e+01
4.837662337439999760e+01
5.062011241289999930e+01
7.964285713259999966e+01
2.482795693839999984e+01
3.439849623890000174e+01
3.744902440389999754e+01
7.638888887279999551e+01
2.908435827119999928e+01
5.096618357260000209e+01
2.476013140319999906e+01
7.944444441500000664e+01
7.353281031180000582e+01
5.289531016800000174e+01
5.887667887250000121e+01
4.782638722419999766e+01
6.387840974859999932e+01
7.789466421420000586e+01
6.546473134330000221e+01
6.802287581279999529e+01
6.814542483239999626e+01
5.654761903240000009e+01
7.752173912719999294e+01
6.601307188789999714e+01
6.263521825750000005e+01
4.709334079789999805e+01
6.797979797349999842e+01
3.980048159190000234e+01
4.916875521899999768e+01
9.999999990560000640e+01
4.513526569860000137e+01
4.258241757620000101e+01
7.860217051569999569e+01
2.087173872540000019e+01
3.285288572529999840e+01
7.643467642880000312e+01
3.264204317979999814e+01
7.803649237010000661e+01
6.336996336509999850e+01
1.897233201499999922e+01
2.460317459950000085e+01
7.226512980309999534e+01
5.835339983629999949e+01
3.123188405670000023e+01
6.871184370660000695e+01
7.120300751530000127e+01
4.388888888040000325e+01
5.166996909000000215e+01
5.280341880129999765e+01
7.226512980309999534e+01
6.831501830979999568e+01
5.577175697669999721e+01
8.083411141999999927e+01
9.422657951550000632e+01
6.523444626660000267e+01
8.796296295320000524e+01
4.505217291350000153e+01
4.295165006100000227e+01
6.316057389249999687e+01
5.211130349550000318e+01
2.833333332730000009e+01
6.277360066520000004e+01
8.278943277620000174e+01
3.756335282460000258e+01
5.995670995110000234e+01
3.499999999260000294e+01
7.066315326580000544e+01
5.169639752679999845e+01
4.702442380210000294e+01
5.876619653080000205e+01
5.822378193530000345e+01
7.567366127319999691e+01
4.077996715790000337e+01
3.174603173770000097e+01
5.691452991229999725e+01
6.058233041150000275e+01
4.662768030950000053e+01
6.147186146899999670e+01
4.504084967040000009e+01
4.185873179229999863e+01
6.816425428949999343e+01
3.382191479869999995e+01
6.772946859619999316e+01
4.314814813910000169e+01
5.900179486929999939e+01
6.892735042459999306e+01
5.186480185650000152e+01
3.725146198739999903e+01
3.578144707980000305e+01
2.333333332919999847e+01
5.123839008739999912e+01
5.522875816650000047e+01
5.731209149970000283e+01
8.278943278250000049e+01
4.801346800879999677e+01
3.764964242880000000e+01
5.299736495159999805e+01
6.555555554180000399e+01
1.923076922799999977e+01
5.535130718610000145e+01
3.080610140630000160e+01
5.643236714519999708e+01
4.154368496170000213e+01
9.999999997880000535e+01
6.666666664000000075e+00
4.521869043910000130e+01
5.601086048180000176e+01
4.618376068189999728e+01
5.559454190740000001e+01
7.348871860100000220e+01
8.524458292340000298e+01
5.056507303349999916e+01
3.238017429010000114e+01
5.803846153620000337e+01
7.603785103200000606e+01
5.748541581660000332e+01
4.561828937559999986e+01
5.506187945189999766e+01
4.898656897989999948e+01
6.178856358320000197e+01
3.697356630710000047e+01
7.731911477209999362e+01
7.441724940529999799e+01
6.428810160230000292e+01
4.408103592100000157e+01
5.672089092849999759e+01
5.557532080320000034e+01
5.402534112779999731e+01
5.015151514709999958e+01
5.726120857109999918e+01
6.109890109460000218e+01
1.999999999599999967e+01
6.195652173639999916e+01
6.080018501259999653e+01
6.210317458850000349e+01
7.367724865990000183e+01
1.054094426430000020e+01
4.947578256940000330e+01
5.672474609049999827e+01
5.564713064290000233e+01
2.885121329000000046e+01
5.263268843499999861e+01
4.256021755679999785e+01
6.104497353739999710e+01
3.015152694549999879e+01
4.734432234079999802e+01
5.549017818939999813e+01
3.940781440490000165e+01
6.551624884139999949e+01
5.387200005839999761e+01
6.321914799900000048e+01
5.433085919789999707e+01
6.749474724780000656e+01
5.373737373249999649e+01
4.145492188789999943e+01
1.898148147930000107e+01
6.782828282510000406e+01
5.336940836689999657e+01
4.492990788649999701e+01
7.244946411349999948e+01
4.252723311430000308e+01
5.488455988199999780e+01
6.326728826200000100e+01
5.417710943499999843e+01
7.232843136809999862e+01
3.861440491710000344e+01
5.358974358599999732e+01
7.241357675499999402e+01
5.905723904599999941e+01
5.777991429469999929e+01
1.249999999839999987e+01
4.641445510799999852e+01
6.098901098000000331e+01
8.551587300350000476e+01
4.309523809240000247e+01
4.270112603289999953e+01
5.791486291209999848e+01
5.564713064290000233e+01
2.166666665760000043e+01
3.174603174170000131e+01
3.446886446650000124e+01
4.218559217939999684e+01
6.964285712429999364e+01
5.435185184049999663e+01
7.295634919690000686e+01
6.621358632620000151e+01
2.460957961800000149e+01
5.876619653390000053e+01
4.614633543290000262e+01
4.233915655469999706e+01
4.388888888040000325e+01
4.537484479239999757e+01
5.444254510710000261e+01
5.633790631379999780e+01
2.868115941909999833e+01
8.301587300180000284e+01
4.288077842450000077e+01
6.650027405689999682e+01
2.970650468579999881e+01
4.388888888040000325e+01
9.999999990560000640e+01
6.118629907510000265e+01
3.707704219810000268e+01
4.400858972000000335e+01
9.227716727000000674e+01
7.165462675899999567e+01
4.952045482470000337e+01
2.833333332730000009e+01
5.336940836689999657e+01
7.759259258390000014e+01
5.564713064290000233e+01
4.952045482470000337e+01
3.415954415699999913e+01
3.825163398459999797e+01
4.318783068270000314e+01
6.442661912879999875e+01
5.038708816759999820e+01
4.484126982960000163e+01
5.803229337319999814e+01
4.357629386210000177e+01
4.680006242559999663e+01
6.866447728279999296e+01
6.085292533549999661e+01
5.611111110040000227e+01
9.085858584269999483e+01
8.035990337830000385e+01
5.869251521160000351e+01
4.731481480490000280e+01
7.881562880959999973e+01
5.514448556039999971e+01
5.766573295820000311e+01
5.498899709279999826e+01
5.365432098560000185e+01
2.749999999830000164e+01
7.944444442820000063e+01
6.104497353739999710e+01
4.000182448319999651e+01
1.984126983550000034e+01
5.609967109659999807e+01
5.376984126250000173e+01
3.268555116240000302e+01
9.999999997300000132e+01
5.641957746920000005e+01
3.188552187959999884e+01
3.966885604680000199e+01
9.999999996869999563e+01
4.324612585290000055e+01
5.898809523050000081e+01
3.581031323479999884e+01
3.767676767350000233e+01
2.986568986360000011e+01
3.472747974069999799e+01
8.333333329169999359e+00
6.825552443009999593e+01
4.936714975640000347e+01
4.420024419420000328e+01
2.763575605549999992e+01
5.417634533359999693e+01
6.388888886689999680e+01
6.420077972049999460e+01
3.423141186130000335e+01
3.878968253720000092e+01
5.318181817709999848e+01
2.856897144519999898e+01
6.555555554830000631e+01
3.465201464959999811e+01
3.527777777400000048e+01
3.980463980169999871e+01
6.628019323399999507e+01
6.412698410740000554e+01
1.565873830439999992e+01
5.911536972369999887e+01
2.333333332919999847e+01
7.183245151479999890e+01
6.540701128739999604e+01
7.815628815069999291e+01
4.818634423639999653e+01
6.890400249980000069e+01
5.488455988199999780e+01
3.861440491550000331e+01
6.488095236370000407e+01
6.388888886689999680e+01
5.624745624540000222e+01
5.458789576280000233e+01
3.051828918380000033e+01
2.378167641199999949e+01
5.237681159200000280e+01
7.372482589220000193e+01
3.559194428600000037e+01
4.166393113649999691e+01
3.552371541349999973e+01
6.772382206860000053e+01
3.369995501489999867e+01
6.951058200200000670e+01
4.461904761809999798e+01
5.163021342300000072e+01
7.064713064209999516e+01
4.961389961249999914e+01
5.008119657919999668e+01
5.510693770710000194e+01
6.638888887480000278e+01
3.531746030930000302e+01
3.640775071939999918e+01
3.055555554860000100e+01
3.634221249040000146e+01
3.307284938770000338e+01
5.946354299120000064e+01
3.153804050249999946e+01
5.216269840929999901e+01
7.261005945029999964e+01
4.466344113150000084e+01
8.797657951060000414e+01
7.045169081829999413e+01
6.236933797759999720e+01
2.333333332529999993e+01
5.659901387139999684e+01
5.214492753409999892e+01
5.417710943760000220e+01
7.554700854399999344e+01
5.289210233250000215e+01
7.944444441500000664e+01
6.758579584359999615e+01
6.626984126540000375e+01
5.776524644660000263e+01
5.118464051969999673e+01
8.121971595249999609e+01
5.330674263800000290e+01
6.628019323399999507e+01
5.484462790660000309e+01
6.336996336060000345e+01
4.369047618489999962e+01
3.272669220830000114e+01
6.789123115060000657e+01
6.623114776469999754e+01
5.228243021170000304e+01
7.386982570370000190e+01
3.444444443270000278e+01
5.798701298430000151e+01
3.499999999260000294e+01
3.611111110120000234e+01
4.764367815930000205e+01
3.434657130160000094e+01
7.603785103200000606e+01
4.841323195849999905e+01
5.247252746859999917e+01
6.071428569809999942e+01
5.160847606280000122e+01
5.359420289629999701e+01
4.488400488079999917e+01
4.958480747819999834e+01
3.883838383660000204e+01
6.085213032280000078e+01
9.017697132329999476e+01
6.334541062529999778e+01
5.474716201969999929e+01
4.357629386210000177e+01
5.621212120709999738e+01
5.899209485909999984e+01
4.895496300260000311e+01
5.437471884699999691e+01
3.861111110699999927e+01
4.375857009300000300e+01
3.801523297370000165e+01
4.873755656010000337e+01
5.685166883229999968e+01
6.618507051580000677e+01
5.602476071510000111e+01
6.020220752809999709e+01
1.111111110929999946e+01
2.199999999910000170e+01
7.576068375769999363e+01
4.937758865520000029e+01
4.536019535679999848e+01
5.198830409090000160e+01
1.666666666389999918e+01
5.608805445520000177e+01
4.531433997930000146e+01
4.880341879680000261e+01
5.929824561089999690e+01
7.964285713259999966e+01
1.111111110739999930e+01
4.591269840969999905e+01
5.186480186050000185e+01
4.231481481029999969e+01
2.824074073770000126e+01
6.908761528029999965e+01
7.175209264599999415e+01
4.560465085389999729e+01
6.059829059590000355e+01
6.161892598450000236e+01
3.637463374210000211e+01
6.620867055060000439e+01
7.607246376499999485e+01
6.557886557349999634e+01
6.209401709160000138e+01
5.247947454660000233e+01
5.684718331620000242e+01
4.699145298970000084e+01
6.626984126540000375e+01
4.896241829769999754e+01
3.747474747300000075e+01
6.386752136589999651e+01
4.715076324099999994e+01
4.742575392469999684e+01
6.123015872610000088e+01
6.833275344289999964e+01
5.453017570509999956e+01
4.875007581839999915e+01
7.643467642880000312e+01
2.460317459950000085e+01
4.924137402859999924e+01
6.864186110110000527e+01
5.377871456329999944e+01
4.908790802149999877e+01
3.920490181809999797e+01
4.485369532339999665e+01
3.892309797410000272e+01
4.832516339589999887e+01
7.367724865990000183e+01
4.819016495219999996e+01
4.681818181020000225e+01
5.064814814260000020e+01
5.487410487129999836e+01
5.268518517959999770e+01
5.792483659789999706e+01
5.171539960489999999e+01
6.216603600159999843e+01
5.352092351839999651e+01
7.503968253470000604e+01
6.104497353739999710e+01
3.408496731820000036e+01
4.149803684590000330e+01
4.714285712859999933e+01
5.653594770600000174e+01
4.378066377990000291e+01
6.128092667410000161e+01
6.283251231309999696e+01
2.550505050079999947e+01
3.489898989299999954e+01
5.983815939029999953e+01
5.131672639060000307e+01
6.904183535590000531e+01
4.388888888040000325e+01
6.666666665330000185e+00
4.158730157480000145e+01
5.512226512069999984e+01
2.166666665760000043e+01
2.833333332730000009e+01
4.388888887310000086e+01
6.141975308420000346e+01
2.791005290669999894e+01
4.692876343940000083e+01
5.139736806030000338e+01
7.759259257620000483e+01
7.201689997699999424e+01
7.214052287159999821e+01
2.909090908840000012e+01
3.826726740689999673e+01
7.064713063739999654e+01
6.898989897789999759e+01
5.651515150539999865e+01
4.356837606660000262e+01
3.144871794630000039e+01
5.866168853370000136e+01
7.442735042440000370e+01
9.999999996869999563e+01
5.156862744779999730e+01
6.799220272210000360e+01
6.555555554180000399e+01
4.496336996000000141e+01
3.709956709779999784e+01
1.666669998329999913e+01
5.218598071790000148e+01
1.010800069060000084e+01
5.178210677730000100e+01
5.816331997630000217e+01
4.689268755759999863e+01
5.826525053799999654e+01
4.485042734870000203e+01
3.434095860370000253e+01
6.369588211530000166e+01
3.205106858959999983e+01
5.156862744779999730e+01
1.679527231389999997e+01
5.961394862510000081e+01
5.660858208549999659e+01
2.460317459950000085e+01
5.414532720319999726e+01
9.999999995390000151e+01
3.333339993330000084e+01
9.999999996869999563e+01
6.788933143440000606e+01
2.018120299299999942e+01
5.584377610420000337e+01
2.866643733360000112e+01
3.499999999260000294e+01
5.651515150539999865e+01
7.248721346669999832e+01
6.336996336509999850e+01
7.731911477609999395e+01
3.888888886019999802e+01
3.062794907339999995e+01
7.666666665159999638e+01
5.275213674999999824e+01
4.841269840679999703e+01
1.984126983550000034e+01
7.919191917679999904e+01
5.717348927580000151e+01
6.576169803950000414e+01
5.776524644660000263e+01
6.597867216349999353e+01
8.278943278250000049e+01
3.030578959769999869e+01
3.768453768149999661e+01
2.675105744460000068e+01
9.472709550679999779e+01
1.111111110370000077e+01
4.835625098650000098e+01
3.123078611949999939e+01
3.520202019890000145e+01
5.667018438350000054e+01
2.876445910629999858e+01
3.767676767350000233e+01
2.560439560260000036e+01
6.111111109659999840e+01
5.435185184590000063e+01
1.666666666249999906e+01
4.737373736949999881e+01
5.243054382639999744e+01
9.999999997300000132e+01
5.292929292459999857e+01
3.226320107970000350e+01
3.728834507349999683e+01
7.388888885510000648e+01
8.301587299000000542e+01
5.857579113260000270e+01
2.205390068890000066e+01
2.216973653200000172e+01
6.359793587779999768e+01
3.512043511489999759e+01
5.498015872650000091e+01
3.929154795529999689e+01
5.156862744469999882e+01
5.717348927580000151e+01
3.182869579709999996e+01
6.388888885090000258e+01
3.187645687150000029e+01
9.999999990560000640e+01
7.759259257620000483e+01
7.503968253470000604e+01
3.117202541429999840e+01
5.247672994789999734e+01
1.330000090879999952e+01
3.206349205829999960e+01
5.758442265459999732e+01
2.533955805709999964e+01
1.309523809190000065e+01
6.466842336130000035e+01
2.808006535779999879e+01
2.166666665760000043e+01
5.243054382639999744e+01
6.388888885090000258e+01
4.054232803730000256e+01
4.106093697059999670e+01
3.577847891209999887e+01
7.643467642340000623e+01
4.557426803570000118e+01
4.429073341929999685e+01
6.871184370170000477e+01
4.648148147180000223e+01
1.435112014040000084e+01
5.359517025990000150e+01
5.463822955780000257e+01
3.928278817580000037e+01
9.227716726350000442e+01
5.995455161900000007e+01
8.400992961010000215e+01
4.936714975440000330e+01
5.849002848779999653e+01
4.051149060920000267e+01
2.843584903369999850e+01
5.115963223709999852e+01
3.768453768149999661e+01
1.990364750370000024e+01
8.632936507360000178e+01
5.540935672229999653e+01
3.554298426209999917e+01
4.339285713999999672e+01
5.092753622770000277e+01
7.222222219809999899e+01
3.721381451879999958e+01
6.401559453859999849e+01
5.211640211009999746e+01
5.116487454869999851e+01
6.077972709229999992e+01
4.333333331520000087e+01
4.723590585489999683e+01
4.084662413539999903e+01
5.545203588430000252e+01
4.205454951870000002e+01
3.540338164109999752e+01
4.652135368289999917e+01
3.525991456330000062e+01
1.111111110739999930e+01
9.999999993890000383e+01
5.757352940820000242e+01
5.685125565749999765e+01
3.273076922949999812e+01
5.064814814260000020e+01
3.887190581130000311e+01
3.018790849499999851e+01
1.904761904220000091e+01
3.728834507349999683e+01
5.760320597030000300e+01
2.886939570859999904e+01
5.759872971669999941e+01
5.971094251300000266e+00
2.777777776989999836e+01
6.386029928029999780e+01
7.295634920150000369e+01
4.863617396800000137e+01
6.104497353069999832e+01
5.244601744460000248e+01
4.272405638440000075e+01
7.175209264599999415e+01
3.174603174170000131e+01
6.555555554180000399e+01
3.051828918540000046e+01
5.492030491890000121e+01
6.460539486679999754e+01
5.997200712349999918e+01
5.351851851280000005e+01
4.700163398130000303e+01
6.254650568539999966e+01
2.142857142580000129e+01
5.463822955780000257e+01
1.666669998329999913e+01
9.999999993890000383e+01
6.555555554180000399e+01
5.317460316799999731e+01
6.502991452480000589e+01
5.838779956089999956e+01
3.198171696429999855e+01
5.583448200290000329e+01
5.665445665040000023e+01
6.739229546749999855e+00
9.999999996280000403e+01
3.838507625049999916e+01
6.739229546749999855e+00
6.136904761499999950e+01
5.470465524579999794e+01
5.289682538999999650e+01
4.009930983510000146e+01
4.196766425639999909e+01
5.198570258000000166e+01
4.613247863069999966e+01
3.215628041139999738e+01
1.999999999599999967e+01
2.987586061929999914e+01
5.480547774509999925e+01
2.968114983999999978e+01
4.906788472819999924e+01
6.104497353069999832e+01
4.335775335480000336e+01
3.194444444100000169e+01
3.502464157589999871e+01
4.222865722750000117e+01
4.829434697610000171e+01
4.208877995400000316e+01
4.165761006390000176e+01
4.931300583249999647e+01
4.887320788369999747e+01
5.772401433510000146e+01
6.388888885090000258e+01
4.634920634190000044e+01
6.237243435039999895e+01
5.083542188549999707e+01
4.712121211699999890e+01
5.851851850620000306e+01
4.961909549479999981e+01
4.540770609180000150e+01
3.446895424419999898e+01
2.021600138129999991e+01
3.188354129440000051e+01
4.737373736949999881e+01
5.241956241809999995e+01
6.133885761780000223e+01
5.984848484310000316e+01
7.159600032359999489e+01
3.297368297170000062e+01
4.467293906670000325e+01
4.381808278620000152e+01
3.116754932970000169e+01
5.123494989940000011e+01
4.519480519060000034e+01
5.434309283759999687e+01
6.969384244539999429e+01
4.275459670080000052e+01
5.444444443119999733e+01
3.257309941350000315e+01
2.858514483640000137e+01
7.175641025080000190e+01
6.331011982900000135e+01
5.179211469370000032e+01
3.528693528560000203e+01
5.971202570370000018e+01
4.507106661569999773e+01
8.777777776310000490e+01
5.064814814260000020e+01
5.022625447709999946e+01
4.101010100650000112e+01
9.387254901410000230e+01
2.407407407159999835e+01
1.111111110929999946e+01
4.763621647219999744e+01
3.841964454029999843e+01
4.980643068469999690e+01
5.225230243299999700e+01
6.825117427589999863e+01
7.275403608189999716e+01
8.104700854380000408e+01
4.431765388979999898e+01
9.999999998510000410e+01
3.279710144660000282e+01
6.208754207580000184e+01
3.841834493670000228e+01
4.570560303549999759e+01
4.302144249079999838e+01
6.646901416779999749e+01
6.412698411649999741e+01
4.909759358139999819e+01
6.447089946730000065e+01
7.698135197499999549e+01
6.982570805689999816e+01
7.005718953449999731e+01
5.589466625979999748e+01
9.154106279449999306e+01
4.519565217209999730e+01
7.398860398579999753e+01
8.301587300180000284e+01
8.381091617490000090e+01
7.473544972599999880e+01
2.611111110399999869e-14
3.592986314649999713e+01
6.772946859619999316e+01
5.876816882359999994e+01
5.925035118249999755e+01
5.345679012139999742e+01
4.797720797539999893e+01
7.220967438030000096e+01
9.999999993890000383e+01
5.846950994289999670e+01
4.498316497879999787e+01
5.311014557179999684e+01
6.149106928820000206e+01
2.800748605789999957e+01
7.853801169179999420e+01
7.350647861080000212e+01
6.831501830979999568e+01
4.206091926930000113e+01
5.227374551799999836e+01
3.642010987430000313e+01
6.059218558759999951e+01
4.898989898509999819e+01
5.794933498259999993e+01
5.622790754790000278e+01
6.165694208890000283e+01
9.999999998510000410e+01
6.555555554180000399e+01
6.610869564940000487e+01
2.029910467259999862e+01
6.964285712429999364e+01
2.111111110850000117e+01
4.873794545429999658e+01
6.070267131100000313e+01
8.415750915099999929e+01
4.999999998060000195e+01
6.642300194249999379e+01
5.911306042279999673e+01
6.047364400130000206e+01
5.517598343440000264e+01
6.743162392889999524e+01
3.021263148310000091e+01
4.769027268850000212e+01
8.301587299000000542e+01
4.273622569510000346e+01
4.258241757919999770e+01
2.496392974939999831e+01
5.506526653000000238e+01
6.366164699259999793e+01
3.944444444020000162e+01
4.887246852599999869e+01
8.469213749079999332e+01
4.944444443510000298e+01
3.393939393619999834e+01
3.760536398339999664e+01
3.629720853740000308e+01
3.490996172229999672e+01
1.666666666389999918e+01
6.860916859820000013e+01
4.714285713529999811e+01
5.888888886720000215e+01
5.444444442040000354e+01
3.592728758060000160e+01
6.898738794739999491e+01
4.737373736949999881e+01
3.443985781079999953e+01
1.333333333070000037e+01
3.835748792110000238e+01
4.633260370949999896e+01
5.593144891690000264e+01
4.555935422430000159e+01
4.432748537580000203e+01
1.127168665159999961e+01
3.230994151889999699e+01
6.118629907799999756e+01
5.438625384040000199e+01
8.191323692720000338e+01
4.729576072020000055e+01
6.626984126130000163e+01
6.185185184499999878e+01
9.154106279449999306e+01
7.241357675810000671e+01
2.527799770780000088e+01
5.647186146920000027e+01
5.269360268839999861e+01
1.477982435470000055e+01
1.680555555340000140e+01
5.599908119279999852e+01
6.024584075869999822e+01
6.287878787310000206e+01
3.693996415539999845e+01
2.604061385960000052e+01
5.104575163089999990e+01
1.122004357169999977e+01
6.834834834459999797e+01
5.617794485940000015e+01
5.056337294019999717e+01
5.626086956289999819e+01
3.768453768149999661e+01
1.993435842970000138e+01
2.721445221220000121e+01
3.889829976440000081e+01
3.365755310990000027e+01
5.938647342750000035e+01
5.444444442040000354e+01
3.662488129020000116e+01
6.410235358289999397e+01
6.104297688350000328e+01
8.720588234240000247e+01
4.512617012289999963e+01
5.770531400729999660e+01
3.482023049099999668e+01
5.123666536289999840e+01
5.637721755199999762e+01
4.127946127180000246e+01
2.579993748560000100e+01
5.015920069839999940e+01
9.212962961940000639e+01
7.976495725869999376e+01
5.525191182940000090e+01
2.759544159440000044e+01
4.518679515030000005e+01
5.206847890510000099e+01
6.022013187369999798e+01
5.104306480300000004e+01
7.165581167659999551e+01
7.344585561280000263e+01
4.747283658039999921e+01
5.459259259049999713e+01
5.315027671160000011e+01
5.547435897220000101e+01
7.944444441500000664e+01
6.831501830979999568e+01
4.307435254589999829e+01
4.554143161599999701e+01
7.473544972599999880e+01
7.334428023830000143e+01
5.254586137089999909e+01
6.099197959520000012e+01
6.567133943460000012e+01
8.384936319009999295e+01
4.852813852589999755e+01
7.344766769790000183e+01
4.981481480949999963e+01
3.588912122250000181e+01
4.433849643899999649e+01
5.114092420309999909e+01
3.842239022649999924e+01
7.085827560239999912e+01
5.375243664439999947e+01
9.999999998079999841e+01
9.283272281989999897e+01
6.872377302930000553e+01
6.268697268519999710e+01
5.814529914079999884e+01
3.640125787779999911e+01
2.631339031239999926e+01
6.041592394359999929e+01
5.887667887250000121e+01
4.530228757620000124e+01
5.703933747149999789e+01
5.992553161509999882e+01
2.704881678839999992e+01
5.226086956310000176e+01
3.625706987649999746e+01
6.439270151770000439e+01
6.496539221039999745e+01
4.122595148730000147e+01
6.392973855839999686e+01
4.437603459240000348e+01
7.215488214769999331e+01
3.240079364670000217e+01
6.412682031520000692e+01
3.854776912370000019e+01
6.780701753690000544e+01
6.006964050170000036e+01
6.951058199419999539e+01
3.171550671319999992e+01
1.303418803219999944e+01
9.999999990560000640e+01
3.255536733649999803e+01
2.833333332730000009e+01
3.700808924870000283e+01
4.424416787589999700e+01
1.111111110739999930e+01
6.181399352089999866e+01
4.831649831179999666e+01
3.774623309420000083e+01
5.001006744960000105e+01
4.238396852790000224e+01
6.603174602059999643e+01
3.757309941340000137e+01
5.030525029780000068e+01
5.777310924209999854e+01
5.899209485669999964e+01
1.984126983830000057e+01
6.327800059039999780e+01
2.763888888540000011e+01
4.164022321809999738e+01
9.999999997300000132e+01
3.333333336670000238e-05
6.666666665330000185e+00
4.530768572699999908e+01
6.336996336060000345e+01
4.216450216249999983e+01
4.027608194129999930e+01
4.116959064120000278e+01
6.147186146899999670e+01
2.476190476080000025e+01
2.964646464129999970e+01
4.888074887900000220e+01
3.756045007899999888e+01
6.180408738399999891e+01
7.919191917679999904e+01
2.572124756199999851e+01
2.462560386370000032e+01
3.208180707940000076e+01
4.101010100309999729e+01
4.993494620799999950e+01
7.519841267830000220e+01
2.325034194530000065e+01
6.912457911769999441e+01
5.549019607500000006e+01
4.821661997999999727e+01
6.947368420690000335e+01
4.949066471879999796e+01
3.378803905030000010e+01
5.351851851280000005e+01
1.485101532939999913e+01
5.181683351699999918e+01
8.278943278250000049e+01
5.245063879079999936e+01
4.946998088550000006e+01
3.009259258919999880e+01
6.903418803140000648e+01
4.758145363170000053e+01
4.553804170459999767e+01
2.477777777680000071e+01
2.977383428250000108e+01
5.179738561789999807e+01
2.935623820800000061e+01
7.014898196929999585e+01
5.789036544719999711e+01
3.962303794209999808e+01
5.269834087379999943e+01
3.384408602039999892e+01
4.012301775350000099e+01
3.835748791959999693e+01
6.354270509119999844e+01
1.666669999169999983e+01
5.309106098320000200e+01
4.951107715669999720e+01
5.919958983099999728e+01
4.525337469200000129e+01
4.663748207150000269e+01
3.724053723509999969e+01
6.209677419159999801e+01
5.206739690989999758e+01
6.044137022139999971e+01
4.273790716319999916e+01
4.764618097780000028e+01
6.260651628760000165e+01
5.735867445809999765e+01
3.622472378479999833e+01
5.299736495159999805e+01
3.423001948969999830e+01
4.257309941310000312e+01
5.325925925720000009e+01
1.219336219280000044e+01
1.578947368340000068e+01
3.413599357689999891e+01
4.693362193139999761e+01
5.352092351839999651e+01
6.024584075869999822e+01
3.957487922539999659e+01
5.332046331760000157e+01
2.858514483640000137e+01
7.919191918399999963e+01
5.987084519969999974e+01
7.256385940219999497e+01
3.264705882150000349e+01
4.833254306679999956e+01
3.720872694460000218e+01
9.031024530179999488e+01
7.354520074260000229e+01
4.934640522570000343e+01
2.855218854689999830e+01
5.702407112459999894e+01
4.216151807330000167e+01
4.719477382320000203e+01
5.710521362440000104e+01
4.246791947789999710e+01
6.254650568539999966e+01
4.475106558880000307e+01
4.948461253079999977e+01
3.492063491540000086e+01
7.270655270379999990e+01
4.644768925409999838e+01
3.670634920399999856e+01
3.951443524070000279e+01
5.185335132569999672e+01
4.323757835899999691e+01
5.855448898659999912e+01
4.043906809909999822e+01
5.417046767429999932e+01
5.408532559500000048e+01
5.171539960749999665e+01
6.613417446510000275e+01
9.363636362779999445e+01
5.899209485909999984e+01
5.481788428689999648e+01
6.772946859619999316e+01
6.959453404789999809e+01
5.902534112749999906e+01
7.244946411349999948e+01
3.035714285319999917e+01
5.130579297060000243e+01
4.582219251200000087e+01
3.498145107220000227e+01
7.036764705029999334e+01
5.466338259249999965e+01
5.154808958939999997e+01
5.643236714519999708e+01
6.641138101490000167e+01
3.192306125680000051e+01
4.407475240649999648e+01
3.072124756179999849e+01
4.755606551300000007e+01
7.574869568450000656e+01
9.999999997880000535e+01
8.632936506820000488e+01
5.274089879209999765e+01
2.787878787369999856e+01
4.904761903949999891e+01
6.056360708399999737e+01
6.433321866059999650e+01
5.003293807219999678e+01
5.322737250710000012e+01
5.819658119430000198e+01
4.762546095790000322e+01
5.279094884079999872e+01
5.924269086990000233e+01
5.566046341519999885e+01
4.871442871309999845e+01
4.376856803199999746e+01
6.064901409320000170e+01
4.266867978370000003e+01
4.250524108930000011e+01
5.636201147010000057e+01
5.876568100170000264e+01
6.336582882950000339e+01
4.955567734270000102e+01
4.914006472159999817e+01
4.718540427149999772e+01
4.635331754199999921e+01
8.278943278250000049e+01
3.697030039090000031e+01
5.504584470820000064e+01
5.626658157570000185e+01
4.937868174399999788e+01
6.860916860349999524e+01
4.816370992710000110e+01
4.071484071150000261e+01
3.210317460110000098e+01
4.101010100650000112e+01
5.568732449560000219e+01
3.797979797650000222e+01
4.329286219290000304e+01
4.816370992710000110e+01
5.587464387250000186e+01
2.510378510039999966e+01
4.141907475090000190e+01
3.834492387019999882e+01
3.434348664920000260e+01
6.502991452729999367e+01
5.272351105490000123e+01
3.379857690090000233e+01
4.807281959750000055e+01
4.361311775930000323e+01
7.321123320600000284e+01
6.635846372509999469e+01
7.675925925079999956e+01
3.973345230799999683e+01
5.679079889460000174e+01
6.782828282200000558e+01
5.808080806990000156e+01
5.854131053910000304e+01
5.079012345489999802e+01
4.055969868500000075e+01
4.179685049060000068e+01
5.855979818510000001e+01
5.139044958859999923e+01
4.563932239470000241e+01
4.708513708080000271e+01
4.345315903899999910e+01
2.097377100490000146e+01
5.282571609629999898e+01
5.192005218140000267e+00
4.247276688329999672e+01
5.776994480639999807e+01
3.111005742500000082e+01
5.279712402610000055e+01
3.877450980150000248e+01
3.964668854690000188e+01
3.198725040749999948e+01
8.776961204719999188e+00
4.062415028910000103e+01
4.403164009110000165e+01
4.256021755679999785e+01
4.272405638440000075e+01
4.450738916099999898e+01
4.692580995760000206e+01
2.397891963009999827e+01
3.721833721539999829e+01
7.183166481039999951e+01
2.272727272530000064e+01
5.663960347670000317e+01
5.629493962619999792e+01
5.317460316799999731e+01
2.524154589269999960e+01
7.919191917679999904e+01
3.752109252009999807e+01
4.583105272600000291e+01
6.814542483239999626e+01
5.819287541799999985e+01
4.367942995749999824e+01
5.764620999750000152e+01
7.119514472250000381e+01
4.437086015959999941e+01
6.259669002700000107e+01
6.773039585809999608e+01
5.529889367189999660e+01
4.918013988949999771e+01
2.579099821670000026e+01
5.352092351839999651e+01
3.859879583890000276e+01
3.786085221249999933e+01
3.613847837859999856e+01
5.241545893480000018e+01
5.247947454660000233e+01
4.238145575259999731e+01
5.438508582469999908e+01
4.779967159110000097e+01
6.347985347539999879e+01
6.006964050170000036e+01
4.953864734089999899e+01
9.999999996280000403e+01
4.943686706020000088e+01
3.868686868510000210e+01
3.050629447080000034e+01
2.489751613880000036e+01
3.226339480160000051e+01
5.682503668759999726e+01
4.502937655910000103e+01
6.278704733450000219e+01
2.855218854949999852e+01
7.441724941110000202e+01
5.235410584129999734e+01
5.818577285090000117e+01
3.936379928070000034e+01
4.063247863090000322e+01
7.295634920150000369e+01
5.318181817709999848e+01
4.035130718709999798e+01
5.922795912450000344e+01
3.993983956980000016e+01
3.717763035840000185e+01
5.458023082750000299e+01
5.311301044430000218e+01
6.258401258229999797e+01
5.077422475350000042e+01
4.747115763509999908e+01
4.662463140509999704e+01
7.581623931320000054e+01
4.605672104939999656e+01
3.705711319350000110e+01
4.689153438599999646e+01
3.566781066680000123e+01
4.284884439359999675e+01
6.183025911019999654e+01
5.054200541760000220e+01
4.641445510599999835e+01
3.844575700650000272e+01
4.006368027930000153e+01
6.060313928859999777e+01
7.205204215759999897e+01
3.015873015420000058e+01
6.739750445239999976e+01
4.752747252049999815e+01
9.999999990560000640e+01
5.596081785420000188e+01
5.914682539289999852e+01
3.238017429010000114e+01
6.612279465449999805e+01
5.617201425860000086e+01
3.678752812110000292e+01
4.350418529750000118e+01
4.062500174400000219e+01
6.865079364620000035e+01
5.038228110570000240e+01
4.319403714429999752e+01
6.472222221520000573e+01
1.111111110370000077e+01
3.295358778749999829e+01
4.277777777320000041e+01
4.277777777320000041e+01
2.974206349019999962e+01
7.350131751680000036e+01
6.723270927779999795e+01
7.585137084779999839e+01
5.768518517889999941e+01
9.999999997880000535e+01
7.519841268769999942e+01
7.526086457559999587e+01
4.951891000109999652e+01
4.681818181020000225e+01
3.228747710030000206e+01
6.232323231769999694e+01
7.066315326880000214e+01
5.382823558719999824e+01
7.553574881919999484e+01
5.337194336900000025e+01
4.672961138320000174e+01
5.674045846050000108e+01
6.041165003679999757e+01
7.386285212040000658e+01
3.410374216660000002e+01
4.570155334729999907e+01
5.824640429749999981e+01
2.222222221850000068e+01
6.601307188789999714e+01
5.498309178520000273e+01
5.172694688659999684e+01
5.130881288749999669e+01
4.684751295449999731e+01
8.573599239620000390e+01
6.173888462099999686e+01
3.198725040749999948e+01
9.301587300970000172e+01
6.773782269749999330e+01
7.621136173390000579e+01
8.786764704879999499e+01
8.702091767660000698e+01
5.258980785039999972e+01
7.276841089180000210e+01
3.611111110120000234e+01
5.665445664669999815e+01
6.726867982800000334e+01
6.336996336060000345e+01
5.477177882029999978e+01
5.435185184590000063e+01
3.906418899079999818e+01
5.792649792489999783e+01
7.073956547459999911e+01
5.212671831000000111e+01
7.318555007960000580e+01
3.874798404100000226e+01
5.146765925430000266e+01
5.289210233419999696e+01
4.831649831179999666e+01
6.898802655529999583e+01
4.388888888040000325e+01
5.550682260640000010e+01
3.818599033659999975e+01
5.154808958939999997e+01
3.247563352659999936e+01
9.999999997630000337e+01
6.666666665330000185e+00
5.928571428179999714e+01
5.038681681780000332e+01
4.435660957209999822e+01
5.905723905140000340e+01
4.676434676110000055e+01
6.474867724070000463e+01
4.111497625209999995e+01
7.683150182560000019e+01
5.193362193120000114e+01
4.375901875699999977e+01
2.594417077090000134e+01
5.815838343699999768e+01
2.934343434279999840e+01
6.603174601119999920e+01
3.253968253760000096e+01
3.700466200169999809e+01
4.338415207789999783e+01
6.720586983569999973e+01
5.976283846639999808e+01
3.703853046479999733e+01
5.979622680690000180e+01
7.574869568450000656e+01
7.335024154280000630e+01
4.505533273780000059e+01
4.047483380509999762e+01
4.567962230620000241e+01
5.292397660559999650e+01
3.730158729909999948e+01
3.915039598940000332e+01
5.244116037039999867e+01
4.606543374790000200e+01
5.236467112049999884e+01
5.312362757559999693e+01
4.850317692760000199e+01
4.319354507050000080e+01
6.000203499980000288e+01
4.232026143310000066e+01
4.737373736560000026e+01
4.719477382320000203e+01
6.744175627020000263e+01
7.231335868550000612e+01
5.920417409209999704e+01
5.655122654859999898e+01
3.729924256139999983e+01
5.988562091160000023e+01
7.049497459059999471e+01
3.980463979879999670e+01
5.253366068889999951e+01
7.948629743850000295e+01
6.113177955119999751e+01
4.096661130649999905e+01
5.112365003259999696e+01
6.446321663899999521e+01
5.795603030699999891e+01
7.146591969909999875e+01
3.467971906500000046e+01
5.953431372179999670e+01
5.171730838980000300e+01
4.406455862880000041e+01
3.788303199960000001e+01
5.983726150279999700e+01
3.682539681949999988e+01
6.011710238970000120e+01
4.629206597670000178e+01
2.740740740460000069e+01
6.059218558330000093e+01
4.342241107849999793e+01
5.444318396540000293e+01
5.869047618660000154e+01
7.603785103200000606e+01
5.449957222550000324e+01
7.010620914599999765e+01
5.152707710949999864e+01
5.040849672630000100e+01
6.666669991669999717e+01
3.687423687169999909e+01
4.474969474630000121e+01
5.720668219760000284e+01
3.824915824549999854e+01
3.731099817890000025e+01
8.151703368729999966e+01
6.868720309949999603e+01
6.040903540450000264e+01
8.301587300180000284e+01
7.367724865990000183e+01
9.999999998510000410e+01
5.855979818510000001e+01
5.029487179089999671e+01
4.067460316900000095e+01
3.700645317920000110e+01
3.999999999309999765e+01
8.333333329169999359e+00
4.054232803730000256e+01
4.700163398400000148e+01
4.212962962480000328e+01
4.700163398130000303e+01
4.448383040640000274e+01
7.182477093500000365e+01
2.559523809199999889e+01
3.031746031549999998e+01
3.642973855769999858e+01
5.869903516800000176e+01
4.658454105900000286e+01
6.526364458839999827e+01
9.999999996869999563e+01
4.158730158070000016e+01
6.460407775849999723e+01
5.348484848009999837e+01
1.979704162159999825e+01
4.472083909380000222e+01
6.081196580959999665e+01
3.888888887310000086e+01
5.242790449310000156e+01
5.359947845319999971e+01
2.714098346780000170e+01
5.364311679960000134e+01
5.519603852729999716e+01
6.479468598750000297e+01
5.215946226820000220e+01
4.063247863090000322e+01
4.752747252049999815e+01
5.648217635879999676e+01
5.045404828499999894e+01
4.675603864539999677e+01
3.494740505499999728e+01
3.482881053149999673e+01
4.758145363170000053e+01
4.591612464319999987e+01
4.801346800879999677e+01
3.188552187959999884e+01
6.287878786790000163e+01
3.883838383660000204e+01
6.277360066520000004e+01
6.007323112270000109e+01
5.072734867340000164e+01
6.233077466120000310e+01
3.804609562920000343e+01
5.842490841629999920e+01
5.444444443119999733e+01
6.196895424480000258e+01
6.011710239300000325e+01
4.432748537789999688e+01
5.237681159200000280e+01
1.336882290219999980e+01
5.261785733380000352e+01
3.276960783919999898e+01
4.331777155179999994e+01
4.714285712859999933e+01
2.777777776989999836e+01
2.253968253820000101e+01
2.804544039760000018e+01
5.444444443119999733e+01
1.111111110929999946e+01
4.469314998600000166e+01
4.809909470969999745e+01
3.406077872619999880e+01
3.449159728570000283e+01
5.326797385289999909e+01
2.931235430999999991e+01
5.247104246960000040e+01
2.833333332730000009e+01
3.898989898810000199e+01
6.971677559510000322e+01
6.049589124900000314e+01
7.908422450470000342e+01
5.326797385289999909e+01
6.732959850230000143e+01
5.656418958940000152e+01
4.659621424190000027e+01
3.448265697589999945e+01
6.757434774440000069e+01
3.732295047990000114e+01
3.817948717800000225e+01
4.330911415319999946e+01
5.930213464300000226e+01
4.774853800929999892e+01
5.967933784969999778e+01
5.417634533359999693e+01
5.015920070050000135e+01
2.959410430779999857e+01
6.341651812050000103e+01
4.525120772759999710e+01
5.070707070249999759e+01
5.084140550610000275e+01
4.375901875699999977e+01
5.623328876840000135e+01
4.565811965470000189e+01
4.680006242559999663e+01
7.337505489359999444e+01
1.666669998329999913e+01
6.892735042459999306e+01
3.474158855270000146e+01
2.853535353290000032e+01
3.591269840780000067e+01
6.629704300859999933e+01
4.669868969899999911e+01
2.648420479150000162e+01
3.372975856939999773e+01
3.525641025369999682e+01
5.568517122560000132e+01
3.670634920399999856e+01
4.778184777839999953e+01
4.246791947639999876e+01
3.782051281759999739e+01
8.886595573409999815e+01
4.074017485659999949e+01
3.577847891209999887e+01
4.761904761220000282e+00
3.684371184100000107e+01
3.423001949140000022e+01
4.037622602750000311e+01
3.312524853579999728e+01
4.549472096440000257e+01
5.173473868899999673e+01
5.674352217700000267e+01
5.896428571309999711e+01
4.265583909219999725e+01
1.325153755999999916e+01
7.643467642340000623e+01
6.507220680300000026e+01
4.024882024770000299e+01
6.210869564960000133e+01
4.779967159110000097e+01
6.064363143479999962e+01
6.291108922520000135e+01
4.498316497470000286e+01
4.829365079050000276e+01
5.372426149380000027e+01
3.801062091389999864e+01
5.214492753409999892e+01
3.891053390870000328e+01
4.814070941760000011e+01
5.607298474619999951e+01
3.757043201039999758e+01
4.349261848910000339e+01
4.566168935630000192e+01
2.772021687379999833e+01
1.213238489020000088e+01
4.472083909380000222e+01
2.814166509569999874e+01
4.518353726069999965e+01
5.081037523389999677e+01
4.802849002669999834e+01
4.706982527230000102e+01
1.111111110739999930e+01
6.779597214070000177e+01
4.408099843419999786e+01
5.100225506009999776e+01
5.224014336750000354e+01
4.772030651019999681e+01
5.236834825220000056e+01
1.454681836460000000e+01
6.334541062529999778e+01
5.682635963799999956e+01
5.636582305360000333e+01
4.314814814350000205e+01
4.618097951259999689e+01
6.170399648389999925e+01
3.804609562720000326e+01
3.962148961850000006e+01
9.999999995390000151e+01
2.170954500590000080e+01
6.294068504279999843e+01
5.055758436149999824e+01
