4.15222196467
2.33859987167
3.80860917574
4.13467095848
2.82766905366
2.88112546917
2.44092499881
4.96347013212
3.46737377791
3.53151024627
2.67630009423
2.13565775224
4.8521432316
3.06181894975
3.17377363626
3.42888058584
2.58083481821
2.33831393888
3.71204881526
2.51672246935
3.24357528467
2.41951706095
4.64551238132
2.98280805332
3.43552293467
2.63007794883
3.72267046825
4.04015643655
3.14426333668
2.11559706184
3.15297560001
2.75246527488
3.28421859091
2.3409018948
2.81711504851
4.45668664986
2.29643096506
3.37130506662
3.17828748975
1.90682323746
3.64800400131
3.39244795704
4.05962456957
3.78498048525
2.90177621441
3.62516304246
2.99122855764
3.69976300235
4.34704544393
3.39617725056
2.23915466082
2.54594228778
3.40663778495
4.3186669634
3.86030870995
2.76308245801
1.97651173388
3.10579810166
3.26589914714
3.69318514246
3.838075548
3.84413818824
3.70508787357
3.59971764583
3.51000575881
3.18428095544
2.97915672224
3.30799608053
3.11441779425
2.99120067285
4.19386863087
2.52864055053
3.05102305486
3.26689185658
3.01735470056
3.52751672589
2.66379192761
4.3374175617
2.92677044423
3.10877131901
2.46937836454
3.72269340049
2.95106074573
2.18217177405
2.66287074401
3.2988696462
3.57846098747
3.59346999664
2.23877102472
2.93115995822
3.78942947455
4.02893261837
3.38496552099
3.44952781001
3.7845840165
4.16725828175
3.44380799404
2.90597272388
3.283396018
3.82520805577
3.89761279604
3.48764842486
4.24938067753
3.26568443905
3.46296231056
3.74238198573
2.66005656605
3.92538588626
3.95982569417
2.39342596441
3.19731011674
2.88874677609
3.48414895093
3.47649052363
3.53717076753
2.22073243431
2.26097302406
2.82433695586
3.1204025009
2.71386317023
3.36946342075
2.56042176006
3.69760268609
2.96990459736
4.05496061714
3.45248644185
2.84254733605
1.58051216824
3.80039196512
2.01444218188
3.29036660368
3.11671877125
2.86394299395
2.09330322601
3.23330044973
3.55416144364
3.1387144669
2.69913805058
2.63760927445
2.97145370014
2.86145683085
4.51340996332
3.13225151205
3.94731233745
3.08034072254
3.63153140896
3.91163594824
3.33879181691
3.18255997354
3.21202942944
2.79717153147
3.06804910091
3.87750520789
3.31612790125
2.73003147982
3.71226795065
3.14348121515
3.96980119876
3.88518924781
3.24447128725
2.22365391025
3.95811491096
2.92621649176
2.97580317275
3.31015283419
2.62281756501
3.58361841387
3.23451844575
3.58954375734
3.6227628954
2.80123929596
2.96182573771
2.90499767309
4.47963185345
3.89511997881
4.30022563624
3.28215433387
2.91711741756
2.79716503418
2.5299754316
2.81534953453
3.51210945563
3.07955005372
3.32958529228
3.16915694325
3.24215541376
3.44575567233
3.40921886042
3.36431554084
2.43701623514
2.97757658704
3.35206508366
2.8502516532
3.77467304843
3.6969750041
3.15239040571
4.08552244678
2.71769805226
3.75378905799
2.59740384885
2.75106369233
3.82052763225
3.63362721624
2.81134863713
2.91963177617
2.0113446907
2.63128543362
2.9211040218
3.84687383399
2.90082006365
3.04703894896
3.60878076658
3.16166079021
3.55418621955
3.1363598414
3.62924038076
2.80345350343
2.64173817308
3.2958605185
2.50845625499
2.93696216454
3.14021914041
2.79761543084
4.3071243334
5.04948048029
3.26572144883
3.46104739577
2.95941717262
4.17894511385
3.56587226596
2.51629192902
2.38036195168
3.62297543039
3.76751514838
3.18683157959
3.542173885
2.98048614359
3.74371631819
3.61850423701
3.86639887566
2.72280037361
3.66841326755
2.99502579258
3.23318081235
3.48591339499
2.42335549106
2.6463511358
2.48834553615
2.8378563371
3.47911182976
2.46364192007
2.40863310409
3.10131279404
4.16504487431
2.64170204778
2.54449014422
2.36921553159
4.16004953376
4.07652826667
4.04402620909
2.92589223715
4.11818742533
3.92986362031
3.14122469155
2.57558470283
3.23586781776
2.58944226675
2.45890059913
2.66109690852
3.12618336139
3.35740141527
3.11449351338
2.71738553283
3.3064492029
3.8629573283
4.49271771958
2.44391614766
3.41751861239
3.66509616448
2.32343165507
2.50171932324
3.06812888363
3.68821103343
2.95703080832
2.55305282207
3.3404719379
2.69135082646
3.39003868945
2.85043681832
3.51135825557
3.90547512115
3.36516440614
3.57190174709
3.61757809436
2.87121927104
3.17981511708
2.61683963076
2.0703322796
3.83678403525
2.52061905179
2.83526039919
3.3494071371
4.12332063678
2.46193445102
3.4093484579
2.57241028229
3.70565911195
2.34326070612
2.61032309238
3.4826303417
3.85127413955
3.98234425415
3.11414396495
3.11390863908
3.90121291596
2.79448386601
2.69835272594
2.80054923468
3.76466966001
3.40350922342
3.86472443273
3.92958853529
4.68758227991
2.75113941122
3.24208760532
3.03745016626
4.98467198721
3.77798002526
2.9944391644
3.35138661684
3.88835232041
3.13732537277
4.36632014849
3.89401012048
3.09284978719
3.35398370158
4.86895967374
3.80356169819
3.57037505207
4.55288070026
4.10470646186
3.88568780353
3.10501735492
2.5935978619
3.40313681853
3.55230794409
4.6452154688
3.9945825118
3.81615204492
3.15775263188
3.39269121233
2.41545661045
3.01546581274
3.29120444903
3.6931874373
2.71435197205
2.95247687982
3.88602516596
3.04524268175
3.81576121564
3.12134893117
3.4440352242
4.28742829156
2.74682658947
3.24051064614
3.31447801656
4.00196749855
4.11651245738
3.14546039798
3.71552325505
3.30535677736
2.70853518049
3.35289287687
3.29341470304
3.46038578495
3.81138053592
3.50890899853
2.77942681207
3.50930992585
3.441280991
3.0149573328
3.63633304614
3.54812862963
3.11744543904
2.56878463126
3.1400656458
2.46572464967
2.69103729651
2.95968160187
2.85111731714
3.31625557804
4.09611343171
3.60250754807
2.04877335377
2.88320471242
3.67183525057
2.60887601814
3.53331363759
3.00142608321
3.25279600478
3.38598795249
3.79708283641
3.35106714003
3.77996790344
3.29627390636
2.23441471206
3.97276526674
3.54900092796
2.86085181484
3.10538053728
3.33106898287
3.15474347378
2.28309879781
2.84864971126
2.07901285637
2.94057995313
4.15359337371
2.34798548741
2.88227237683
3.07128234602
2.65618502743
3.25412282746
